Text,Result,Table,ID,schema
"Hi, this is Katerina with Shred Nations. How can I help you? Hi, my name is Craig, and I just have a couple questions. I have about five to ten legal-sized boxes of documents that need shredding. Okay. Is it easier for me to just schedule an appointment? You guys can come to me. Im pretty close to you. I just looked it up. Were about a half a mile apart. Those are our drop-off locations. Those are our drop-off locations. You have three boxes or less. Is this Craig Kleinman? Yes. Okay, yeah, I see you filled out a form online. Let me take a quick look and see what we have available. But to answer your question, with the amount of volume you have, it would be a mobile truck service that comes out to you and shreds everything in front of you. And thats great. Okay. So, yeah, so I will see what I have in your area. So do you have, like, the basic, like, 15-by-12-inch boxes or the longer 24-inch boxes? No. Theyre normal bankers boxes, so theyre, like, I dont know, whatever legal size is. I think its 8 1⁄2 by 14. Okay. All right. Let me take a look and see. And you said you have about 5 to 10 of those? Yes. Are these for a business or a residence, the shred that you need to get done? Its a residence. I live in a residence now. Im retired. Okay. All right. Let me take a quick look and see. Could you confirm your zip code for me, please? 80120. Okay. And Littleton? Yep. So the trucking company I have in your area charges $195, and that covers up to the first nine boxes. Okay. And then how much per additional? They would have to contact you to kind of go over if it goes beyond that. Okay. Yeah. Great. So if that price works, yeah. Ill help you set that up. Ill help you set that up right now. Great. Whats your address of where the box, where it needs to be picked up? 6177 South Gallup, G-A-L-L-U-P Street, and thats Littleton. Okay. So I know you said you had 5 to 10 boxes. Are you assuming that youre going to have more than 10? I mean, its possible that there could be a couple more, but not a bunch more. Okay. So just so youre aware of the quote for what I gave you, its $195, it covers up to the nine boxes. So theyre going to, obviously, theyll have to give you the quote for anything beyond that. Its going to adjust. Okay. Thats fine. Okay. All right. Im going to put you on a brief hold and transfer you over to the provider right now, okay? Great. Thanks. Youre welcome. Hello? Okay. Craig, it looks like theyre on the other line helping another customer, so Im going to forward over your information to them, and theyll reach out to you here shortly to put you on the schedule, okay? That sounds great. All right. And Ill make sure to send you a quick email with their direct contact information as well, so you know who I got you in touch with, okay? Yeah. Can you give me the number theyll be dialing from? Do you know that? I dont know which number theyd be dialing from. Im sorry. Okay. Okay. Okay. Yeah. That sounds great. So, yeah, just shoot them my info, and then well go from there. All right. Sounds good. Thanks. Yep. Not a problem. Have a great day. Bye-bye. You too.","DEFINITION: Did the agent ask multiple discovery questions to understand the  customer's needs? Examples of discovery questions: - How many boxes do you have? - What's your zip code? - Is this for business or residence? - When do you need service? - Do you have any electronics to destroy? SCORING OUTPUT FORMAT: { Discovery_float: 0.0,      # Agent asked X questions (0=none, 1.0=15+) No_discovery_float: 0.0,         # Agent didn't ask questions Unknown_float: 0.0            # Unclear if questions were asked } SCORING RULES: discovery_float (agent DID ask questions): - 0.0-0.2: Asked 0-2 questions (minimal) - 0.3-0.5: Asked 3-5 questions (some) - 0.6-0.8: Asked 6-10 questions (good) - 0.9-1.0: Asked 10+ questions (excellent) Not_discovery_float (agent did NOT ask questions): - 0.0-0.2: Asked plenty of questions (not dismissive) - 0.3-0.5: Asked some questions but could have asked more - 0.6-0.8: Asked very few questions - 0.9-1.0: Asked NO questions at all Unknown_float (unclear how many questions): - 0.0-0.2: Transcript clearly shows question count - 0.3-0.5: Some questions visible but transcript incomplete - 0.6+: Cannot determine from transcript EXAMPLE: Transcript: How many boxes? What zip? Business or residence? When needed? → Discovery_float: 0.9 (asked 4 clear questions) → No_discovery_float: 0.05 (agent was asking, not avoiding) → Unknown_float: 0.05 (very clear) → Sum: 1.0 ✓",disco,107,Discovery_float;No_discovery_float;Unknown_float
"Thank you for calling Shred Nation. This is Martin. How can I help? Hi, Im just trying to find out pricing for personal shredding. Yeah, how many boxes of paper are you trying to shred? I think its three. Three boxes. And your zip code? 11576. Alright, perfect. So we offer truck services that can go to you in Shred. Theyre in Roslyn. Okay. I dont have the shredders pricing in front of me. I can gather some contact information and have them call you back with pricing. The address youre calling on Willis Avenue, that is a drop-off within the UPS store, and you can also take them there. Theyll charge you per pound to do so. But you dont know the pricing per pound? I dont know. Okay, thanks. Bye.","DEFINITION: Did the agent ask multiple discovery questions to understand the  customer's needs? Examples of discovery questions: - How many boxes do you have? - What's your zip code? - Is this for business or residence? - When do you need service? - Do you have any electronics to destroy? SCORING OUTPUT FORMAT: { Discovery_float: 0.0,      # Agent asked X questions (0=none, 1.0=15+) No_discovery_float: 0.0,         # Agent didn't ask questions Unknown_float: 0.0            # Unclear if questions were asked } SCORING RULES: discovery_float (agent DID ask questions): - 0.0-0.2: Asked 0-2 questions (minimal) - 0.3-0.5: Asked 3-5 questions (some) - 0.6-0.8: Asked 6-10 questions (good) - 0.9-1.0: Asked 10+ questions (excellent) Not_discovery_float (agent did NOT ask questions): - 0.0-0.2: Asked plenty of questions (not dismissive) - 0.3-0.5: Asked some questions but could have asked more - 0.6-0.8: Asked very few questions - 0.9-1.0: Asked NO questions at all Unknown_float (unclear how many questions): - 0.0-0.2: Transcript clearly shows question count - 0.3-0.5: Some questions visible but transcript incomplete - 0.6+: Cannot determine from transcript EXAMPLE: Transcript: How many boxes? What zip? Business or residence? When needed? → Discovery_float: 0.9 (asked 4 clear questions) → No_discovery_float: 0.05 (agent was asking, not avoiding) → Unknown_float: 0.05 (very clear) → Sum: 1.0 ✓",disco,108,Discovery_float;No_discovery_float;Unknown_float
thank you for calling shed nations this is martin how can i help yeah hi good morning uh do you do small shedding jobs i mean this is not a company just a home and its a small amount of shedding yeah shedders broke down so instead of going to walmart and buying a 20 dollar shedder i thought id just check whether it makes sense to instead just get this one time done i got you what yeah yeah so the address that youre calling now that is a drop off within the ups store so you could go there and theyre going to charge you per pound to do so we offer truck services that can go to you and sure thats what youre looking for sorry sorry okay oh no do you know how much per pound is charged by any chance they do have their own pricing the average is a dollar to two dollars per pound if that helps but i could get you on over there for exact rates before you go thats good to know thats good to know uh and so i did notice ups but i thought theyre not open yet um so shred nations has an operation ups store youre saying and were just really trucking for it we just refer you over there as a courtesy but we offer truck services that go to you directly so in this case i mean we could have a truck but i mean to make it worth it yeah so i mean im referring you to ups could be a great option as well cost-wise but we do have a truck yes yes no i certainly dont have truck loads of paper i have been a small bag and its just that as i told you you know thats why i said i began by saying now i understand uh better um because when i did google search and said paper shedding i saw this call the first number thats how i called you actually yeah in hamilton and we are in east lindsay so so let me try and do this uh and uh when you say you can refer me over is it a national call center somewhere in idaho or is it uh were in denver were in denver colorado our corporate office is over here we work nationwide theres a problem with many of these numbers it goes to all right thank you very much dont worry about it i will uh thank you so much bye,"DEFINITION: Did the agent ask multiple discovery questions to understand the  customer's needs? Examples of discovery questions: - How many boxes do you have? - What's your zip code? - Is this for business or residence? - When do you need service? - Do you have any electronics to destroy? SCORING OUTPUT FORMAT: { Discovery_float: 0.0,      # Agent asked X questions (0=none, 1.0=15+) No_discovery_float: 0.0,         # Agent didn't ask questions Unknown_float: 0.0            # Unclear if questions were asked } SCORING RULES: discovery_float (agent DID ask questions): - 0.0-0.2: Asked 0-2 questions (minimal) - 0.3-0.5: Asked 3-5 questions (some) - 0.6-0.8: Asked 6-10 questions (good) - 0.9-1.0: Asked 10+ questions (excellent) Not_discovery_float (agent did NOT ask questions): - 0.0-0.2: Asked plenty of questions (not dismissive) - 0.3-0.5: Asked some questions but could have asked more - 0.6-0.8: Asked very few questions - 0.9-1.0: Asked NO questions at all Unknown_float (unclear how many questions): - 0.0-0.2: Transcript clearly shows question count - 0.3-0.5: Some questions visible but transcript incomplete - 0.6+: Cannot determine from transcript EXAMPLE: Transcript: How many boxes? What zip? Business or residence? When needed? → Discovery_float: 0.9 (asked 4 clear questions) → No_discovery_float: 0.05 (agent was asking, not avoiding) → Unknown_float: 0.05 (very clear) → Sum: 1.0 ✓",disco,109,Discovery_float;No_discovery_float;Unknown_float
"Thank you for calling Shred Nations. This is Marne. How can I help? Yes, good morning. I was just calling to inquire how much you charge to shred documents. How many boxes of paper are you trying to shred roughly? I dont know. How many boxes do you have, Marie? Well, lets just estimate five boxes. Five boxes? Let me see. And whats your zip code? 34237. So for the amount that you would have, we would have a truck service that can go to you and shred. What I can do is gather some contact information and have them call you back for a quote for five boxes, and then you can schedule a day for them to come out if thats okay. Well, Im right here off of Fruitville. I could actually bring it to your business. Do you not do it on site? It is a drop-off at the UPS where youre trying to call. So if you go there, you could take up to 90 pounds. It just depends how much youre going to shred, actually, because five boxes is 150 pounds of paper. If you have that much, a truck is a good option. If you have under 90 pounds of paper, then that UPS store would be your best bet as well. Okay. All right. Well, let me call you back. All right? Yes. Absolutely.","DEFINITION: Did the agent ask multiple discovery questions to understand the  customer's needs? Examples of discovery questions: - How many boxes do you have? - What's your zip code? - Is this for business or residence? - When do you need service? - Do you have any electronics to destroy? SCORING OUTPUT FORMAT: { Discovery_float: 0.0,      # Agent asked X questions (0=none, 1.0=15+) No_discovery_float: 0.0,         # Agent didn't ask questions Unknown_float: 0.0            # Unclear if questions were asked } SCORING RULES: discovery_float (agent DID ask questions): - 0.0-0.2: Asked 0-2 questions (minimal) - 0.3-0.5: Asked 3-5 questions (some) - 0.6-0.8: Asked 6-10 questions (good) - 0.9-1.0: Asked 10+ questions (excellent) Not_discovery_float (agent did NOT ask questions): - 0.0-0.2: Asked plenty of questions (not dismissive) - 0.3-0.5: Asked some questions but could have asked more - 0.6-0.8: Asked very few questions - 0.9-1.0: Asked NO questions at all Unknown_float (unclear how many questions): - 0.0-0.2: Transcript clearly shows question count - 0.3-0.5: Some questions visible but transcript incomplete - 0.6+: Cannot determine from transcript EXAMPLE: Transcript: How many boxes? What zip? Business or residence? When needed? → Discovery_float: 0.9 (asked 4 clear questions) → No_discovery_float: 0.05 (agent was asking, not avoiding) → Unknown_float: 0.05 (very clear) → Sum: 1.0 ✓",disco,110,Discovery_float;No_discovery_float;Unknown_float
"Thank you for calling Shred Nations. This is Martin. How can I help? Yes, hi. I wanted to see, to get a quote for some shredding up for papers I have. Yeah, how many boxes of paper are you trying to shred? I dont have boxes. I have about six large black garbage bags. Okay, and the zip code where they would be? 08535. So for the amount that you have, we offer a truck service that goes to you and shreds. What I could do is gather some contact information and have the shredders call you back with pricing and available dates, if thats okay. My brother just said forget it. Thank you anyway.","DEFINITION: Did the agent ask multiple discovery questions to understand the  customer's needs? Examples of discovery questions: - How many boxes do you have? - What's your zip code? - Is this for business or residence? - When do you need service? - Do you have any electronics to destroy? SCORING OUTPUT FORMAT: { Discovery_float: 0.0,      # Agent asked X questions (0=none, 1.0=15+) No_discovery_float: 0.0,         # Agent didn't ask questions Unknown_float: 0.0            # Unclear if questions were asked } SCORING RULES: discovery_float (agent DID ask questions): - 0.0-0.2: Asked 0-2 questions (minimal) - 0.3-0.5: Asked 3-5 questions (some) - 0.6-0.8: Asked 6-10 questions (good) - 0.9-1.0: Asked 10+ questions (excellent) Not_discovery_float (agent did NOT ask questions): - 0.0-0.2: Asked plenty of questions (not dismissive) - 0.3-0.5: Asked some questions but could have asked more - 0.6-0.8: Asked very few questions - 0.9-1.0: Asked NO questions at all Unknown_float (unclear how many questions): - 0.0-0.2: Transcript clearly shows question count - 0.3-0.5: Some questions visible but transcript incomplete - 0.6+: Cannot determine from transcript EXAMPLE: Transcript: How many boxes? What zip? Business or residence? When needed? → Discovery_float: 0.9 (asked 4 clear questions) → No_discovery_float: 0.05 (agent was asking, not avoiding) → Unknown_float: 0.05 (very clear) → Sum: 1.0 ✓",disco,111,Discovery_float;No_discovery_float;Unknown_float
"Thank you for calling Shred Nations. This is Martin. How can I help? Hi, I was just calling to find out a general price for shredding. I have a few, like, file boxes that were my dads and he passed away, so I just need to have the information shredded. Yeah, absolutely. Roughly how many boxes of paper would you need to shred? I think there is five file boxes, two that are a little bit longer and three that are a little shorter. So two large boxes and three regular? Whats the zip code where everything would be? 28304. So for the amount that you have, we offer a truck service that can go to you and shred. It looks like this shredder can go out for $155. That would cover up to 270 pounds worth of paper to be shred for that price. Oh, wow. No, this is probably not even that weight. So, all right, I didnt realize it would be that much. I thought it would have been significantly less. Is there an option of, like, is it cheaper if it would be brought in? At the UPS, sir, they can charge you per pound over there to do so. Would you like me to transfer you over there for rates and procedures before you go? Sure. Absolutely. Hold the line, please.","DEFINITION: Did the agent ask multiple discovery questions to understand the  customer's needs? Examples of discovery questions: - How many boxes do you have? - What's your zip code? - Is this for business or residence? - When do you need service? - Do you have any electronics to destroy? SCORING OUTPUT FORMAT: { Discovery_float: 0.0,      # Agent asked X questions (0=none, 1.0=15+) No_discovery_float: 0.0,         # Agent didn't ask questions Unknown_float: 0.0            # Unclear if questions were asked } SCORING RULES: discovery_float (agent DID ask questions): - 0.0-0.2: Asked 0-2 questions (minimal) - 0.3-0.5: Asked 3-5 questions (some) - 0.6-0.8: Asked 6-10 questions (good) - 0.9-1.0: Asked 10+ questions (excellent) Not_discovery_float (agent did NOT ask questions): - 0.0-0.2: Asked plenty of questions (not dismissive) - 0.3-0.5: Asked some questions but could have asked more - 0.6-0.8: Asked very few questions - 0.9-1.0: Asked NO questions at all Unknown_float (unclear how many questions): - 0.0-0.2: Transcript clearly shows question count - 0.3-0.5: Some questions visible but transcript incomplete - 0.6+: Cannot determine from transcript EXAMPLE: Transcript: How many boxes? What zip? Business or residence? When needed? → Discovery_float: 0.9 (asked 4 clear questions) → No_discovery_float: 0.05 (agent was asking, not avoiding) → Unknown_float: 0.05 (very clear) → Sum: 1.0 ✓",disco,112,Discovery_float;No_discovery_float;Unknown_float
"Thank you for calling Shred Nations. This is Martin. How can I help? Hi. Im located in Sarasota, and I was wondering, my understanding is you are in Punta Gorda. We work nationwide. We offer truck services that go to you directly to shred at your residence or business. How many boxes of paper are you trying to shred? Oh, gosh. I dont have a lot. I mean, I thought Id just be able to bring it in. If you wanted to drop off, this is a UPS or on Clark Road. You could go there, and theyre going to charge you per pound there. It can take up to 90 pounds of paper. I could transfer you over there for their rates and procedures. That would be awesome. Thank you. I got you. Absolutely. And did you call me on your cell phone? I did. With who do I have the pleasure? My name is Tina. Tina. In case their bins are filled, Im going to text you some other locations so you could also call them directly and just check availability as well. I hope you have a great day. Oh, thats great. Thank you. Take care.","DEFINITION: Did the agent ask multiple discovery questions to understand the  customer's needs? Examples of discovery questions: - How many boxes do you have? - What's your zip code? - Is this for business or residence? - When do you need service? - Do you have any electronics to destroy? SCORING OUTPUT FORMAT: { Discovery_float: 0.0,      # Agent asked X questions (0=none, 1.0=15+) No_discovery_float: 0.0,         # Agent didn't ask questions Unknown_float: 0.0            # Unclear if questions were asked } SCORING RULES: discovery_float (agent DID ask questions): - 0.0-0.2: Asked 0-2 questions (minimal) - 0.3-0.5: Asked 3-5 questions (some) - 0.6-0.8: Asked 6-10 questions (good) - 0.9-1.0: Asked 10+ questions (excellent) Not_discovery_float (agent did NOT ask questions): - 0.0-0.2: Asked plenty of questions (not dismissive) - 0.3-0.5: Asked some questions but could have asked more - 0.6-0.8: Asked very few questions - 0.9-1.0: Asked NO questions at all Unknown_float (unclear how many questions): - 0.0-0.2: Transcript clearly shows question count - 0.3-0.5: Some questions visible but transcript incomplete - 0.6+: Cannot determine from transcript EXAMPLE: Transcript: How many boxes? What zip? Business or residence? When needed? → Discovery_float: 0.9 (asked 4 clear questions) → No_discovery_float: 0.05 (agent was asking, not avoiding) → Unknown_float: 0.05 (very clear) → Sum: 1.0 ✓",disco,113,Discovery_float;No_discovery_float;Unknown_float
"Shred Nation, this is Kayla. Yes, good morning. Im speaking with Katerina. Okay. And were actually emailing. She sent me information, and I responded to her yesterday informing her I would like the Shredder truck to show up tomorrow, and Ive not received a response back from her yet. Okay, let me see what Ive got for you here. Okay. So Im not seeing, is this the phone number that you called in on? Or whats your first and last name? Belinda James. B-E-L-I-N-D-A? Yes. All right, let me see. All right, there you are. It looks like youve got 20 boxes. It looks like we connected you with Commonwealth Document Management. We do have your email. Ill resend you their contact info. But Ill get you over to the truck now for the quote, okay? Okay, thank you. Yep, one moment. Thank you for calling the Commonwealth.","DEFINITION: Did the agent ask multiple discovery questions to understand the  customer's needs? Examples of discovery questions: - How many boxes do you have? - What's your zip code? - Is this for business or residence? - When do you need service? - Do you have any electronics to destroy? SCORING OUTPUT FORMAT: { Discovery_float: 0.0,      # Agent asked X questions (0=none, 1.0=15+) No_discovery_float: 0.0,         # Agent didn't ask questions Unknown_float: 0.0            # Unclear if questions were asked } SCORING RULES: discovery_float (agent DID ask questions): - 0.0-0.2: Asked 0-2 questions (minimal) - 0.3-0.5: Asked 3-5 questions (some) - 0.6-0.8: Asked 6-10 questions (good) - 0.9-1.0: Asked 10+ questions (excellent) Not_discovery_float (agent did NOT ask questions): - 0.0-0.2: Asked plenty of questions (not dismissive) - 0.3-0.5: Asked some questions but could have asked more - 0.6-0.8: Asked very few questions - 0.9-1.0: Asked NO questions at all Unknown_float (unclear how many questions): - 0.0-0.2: Transcript clearly shows question count - 0.3-0.5: Some questions visible but transcript incomplete - 0.6+: Cannot determine from transcript EXAMPLE: Transcript: How many boxes? What zip? Business or residence? When needed? → Discovery_float: 0.9 (asked 4 clear questions) → No_discovery_float: 0.05 (agent was asking, not avoiding) → Unknown_float: 0.05 (very clear) → Sum: 1.0 ✓",disco,114,Discovery_float;No_discovery_float;Unknown_float
"Thank you for calling Shred Nation. This is Martin Hockenau. Yes, Im sorry. What is your name? Martin, M-A-R-T-I-N. Hi. Okay, Martin. Yeah, you broke off a little bit. Im at Lakehouse West on Clark and Boniva. Whats the minimum amount to do on-site shredding here? Well, we can go to you regardless, but it just depends on how much youre going to shred, how many boxes or bags you have. Whatever the minimum is, I wont have more than that because its not a business. Its just personal stuff that Im going to have to clean out. Would you have like a box worth less than a box? Well, somebody else was saying something about a 64-gallon, which seems like a lot. It sure wouldnt be more than that. No, Ill have more than a box because I have stuff in bags. How many bags? I have no idea. Im not done yet. Do you have a minimum? So the quotes? Yes. So its really going to depend on how much youre shredding. And it looks like you already spoke to us last month. Did you get that job taken care of, Annette? No, I havent done anything. All right, perfect. So what Ill do, I have your email. It looks like first initial, last name at lakehousewest.com. What Ill do is Ill... No, thats not me. Maybe somebody else called you from Lakehouse West. Its an apartment. My email is L, as in Lynn, P, as in Phillip. P, as in Phillip, Walt, W-A-L-T at msn.com. Gotcha. I mean, I havent gathered everything, you know, to put in the bags. But it would be whatever your minimum is to come out and do it. What I will do is since I dont know who called in here on your behalf, but somebody did. Not on my behalf. They didnt do it on my behalf. They probably did it for Lakehouse West, maybe. Gotcha. And this is Annette then? Sorry. Its an apartment building. Oh, gotcha. So its all the same numbers, Im assuming. Right. Gotcha. All right, perfect. Sorry about that. All right. So it just really does depend. So they would give you a quote on how many bags youre going to shred. You tell me how many do you think you would have by the time youre done? Well, I mean, theyre like black garbage bag type things. Yeah, with your best guess. How many of those? Well, one is really heavy. I cant even... I cant even... So you would have one of those, maybe? Maybe two? Oh, no, Ive got more than that. Im sure Id have, well, lets just say five or six. Five or six of those bags, maybe. Perfect. And then whats the zip code where you need service? 34231. Im not ready yet. Im just trying to get prices. Im not ready. So I do... Im just trying to see who I have out there. So I do have a truck service that can go to you, but they do have to call you back with pricing. Pricing. A minimum range that I could give you would be about $100 to about $185 for them to go out. I could have them call you back with an accurate quote now, or you could call us back once you have them in bags to get an accurate count. Right. But then well let you do that. All right. Ill do that. Do you just come once a week in this area or what? Im not too sure of the scheduling. I know that they go there so often, but they do turn around pretty quickly. It could take five to ten business days to put you on the schedule. Ill schedule a little sooner or a little later. Okay. All right. Well, when Im done with the process of cleaning, Ill call you back. Thank you. Yeah, absolutely. I hope you have a good one. Uh-huh. Uh-huh. All right. Thank you.","DEFINITION: Did the agent ask multiple discovery questions to understand the  customer's needs? Examples of discovery questions: - How many boxes do you have? - What's your zip code? - Is this for business or residence? - When do you need service? - Do you have any electronics to destroy? SCORING OUTPUT FORMAT: { Discovery_float: 0.0,      # Agent asked X questions (0=none, 1.0=15+) No_discovery_float: 0.0,         # Agent didn't ask questions Unknown_float: 0.0            # Unclear if questions were asked } SCORING RULES: discovery_float (agent DID ask questions): - 0.0-0.2: Asked 0-2 questions (minimal) - 0.3-0.5: Asked 3-5 questions (some) - 0.6-0.8: Asked 6-10 questions (good) - 0.9-1.0: Asked 10+ questions (excellent) Not_discovery_float (agent did NOT ask questions): - 0.0-0.2: Asked plenty of questions (not dismissive) - 0.3-0.5: Asked some questions but could have asked more - 0.6-0.8: Asked very few questions - 0.9-1.0: Asked NO questions at all Unknown_float (unclear how many questions): - 0.0-0.2: Transcript clearly shows question count - 0.3-0.5: Some questions visible but transcript incomplete - 0.6+: Cannot determine from transcript EXAMPLE: Transcript: How many boxes? What zip? Business or residence? When needed? → Discovery_float: 0.9 (asked 4 clear questions) → No_discovery_float: 0.05 (agent was asking, not avoiding) → Unknown_float: 0.05 (very clear) → Sum: 1.0 ✓",disco,115,Discovery_float;No_discovery_float;Unknown_float
"Thank you for calling Shred Nations. This is Martin. How can I help you? Hello, my name is Tammy, and I have about 12 boxes of documents that need to be shredded, and that would be a box that paper comes in. You know what I mean? So I have about 12 of those. How do I – can I bring them to you? Do you guys come fetch them? How does that work? For that amount, we would go to you for them and Shred On site. How many – or whats the zip code where you need service? 4-6-2-0-3. Im at the corner of Raymond and Southeastern. Got you. Out of residence or business there? Residence. All right. So I do have a truck service that can go to you and Shred On site for $289. That would cover up to 19 of those boxes to be shredded there on site. All right. Im going to do some price checking. Is that the best price you can give? Yeah, correct. Okay. I might be calling you back to – Im assuming Id have to schedule. Is that correct? Yeah, correct. Definitely. It could take 5 to 10 business days, a little sooner, a little later. And then were leaning next week into a holiday, so it just depends on the time they may have. I get it. Okay. Well, I might be calling you back. I appreciate you. Absolutely. Hope you have a good one. All right. Thanks. Bye-bye.","DEFINITION: Did the agent ask multiple discovery questions to understand the  customer's needs? Examples of discovery questions: - How many boxes do you have? - What's your zip code? - Is this for business or residence? - When do you need service? - Do you have any electronics to destroy? SCORING OUTPUT FORMAT: { Discovery_float: 0.0,      # Agent asked X questions (0=none, 1.0=15+) No_discovery_float: 0.0,         # Agent didn't ask questions Unknown_float: 0.0            # Unclear if questions were asked } SCORING RULES: discovery_float (agent DID ask questions): - 0.0-0.2: Asked 0-2 questions (minimal) - 0.3-0.5: Asked 3-5 questions (some) - 0.6-0.8: Asked 6-10 questions (good) - 0.9-1.0: Asked 10+ questions (excellent) Not_discovery_float (agent did NOT ask questions): - 0.0-0.2: Asked plenty of questions (not dismissive) - 0.3-0.5: Asked some questions but could have asked more - 0.6-0.8: Asked very few questions - 0.9-1.0: Asked NO questions at all Unknown_float (unclear how many questions): - 0.0-0.2: Transcript clearly shows question count - 0.3-0.5: Some questions visible but transcript incomplete - 0.6+: Cannot determine from transcript EXAMPLE: Transcript: How many boxes? What zip? Business or residence? When needed? → Discovery_float: 0.9 (asked 4 clear questions) → No_discovery_float: 0.05 (agent was asking, not avoiding) → Unknown_float: 0.05 (very clear) → Sum: 1.0 ✓",disco,116,Discovery_float;No_discovery_float;Unknown_float
"Shred Nations, this is Kayla. Hi, Kayla. My name is Jennifer McElroy, and I was calling to see how your shredding works. Yeah. How many boxes of bags do you have? I probably have two large bags. Okay. So if you have 90 pounds or less and you do not need to witness the shredding, you can take it to the UPS store, your local UPS store. Otherwise, with us, we offer a mobile truck service that comes out to your location. Okay. And how much does that cost? Thats typically between $100 to $180. Thats what I want to do. Okay. All right. So two of the larger, like the big black lawn leaf bags? Yeah. Okay. And what zip code are those in? 08534. 08534. 08534. Cool. And theyre out of residence. All right. So I do have a mobile truck that services the area, but they will only come out for four boxes or more. Do you have any maybe like friends or family, neighbors, anything that would be able to bring over some boxes as well so that you would have a total of four? Probably not. So can I bring it to you? Yeah, you can bring it into the UPS store, yeah. The UPS store, I have to put the stuff in the thing, and they dont shred it when I know. So I dont really want to use it. So thats all I can do. Unfortunately, unless you had four boxes or more. Well, I can make it into four boxes. Okay. So just know that youll be paying for four boxes. But yeah, I can go ahead and get this over to them and have the pricing team. They can call you back. What is your first and last name? Jennifer McElroy, M-C-L-R-O-Y. M-N-I-F-E-R? Correct. Okay. And then your last name? And its M-C, capital E, L-R-O-Y. L-R-O-Y. And then a good email address, please, for the truck. Jennifer McElroy, 829 at gmail.com. My preferred communication is text. Okay. M-C-E-L-R-O-Y. And then what was the numbers at the end of that? 8-9 at gmail. 8-9 at gmail. Okay, perfect. Ill go ahead and get this over to them. Theyll be reaching out to you directly for that quote. And then Ill send you a follow-up email right now with the contact information for the truck, just in case you need that in the future. Okay. And if you dont mind, I did just send you a quick text as well, just to rate my customer service. If you could click five stars, it would make my day. Pardon me? I said if you could click five stars, it would make my day. Okay. Thank you. All right. Youre the best, Jennifer. You have a good one, okay? You too. Bye. Bye-bye. Bye-bye. Bye-bye.","DEFINITION: Did the agent ask multiple discovery questions to understand the  customer's needs? Examples of discovery questions: - How many boxes do you have? - What's your zip code? - Is this for business or residence? - When do you need service? - Do you have any electronics to destroy? SCORING OUTPUT FORMAT: { Discovery_float: 0.0,      # Agent asked X questions (0=none, 1.0=15+) No_discovery_float: 0.0,         # Agent didn't ask questions Unknown_float: 0.0            # Unclear if questions were asked } SCORING RULES: discovery_float (agent DID ask questions): - 0.0-0.2: Asked 0-2 questions (minimal) - 0.3-0.5: Asked 3-5 questions (some) - 0.6-0.8: Asked 6-10 questions (good) - 0.9-1.0: Asked 10+ questions (excellent) Not_discovery_float (agent did NOT ask questions): - 0.0-0.2: Asked plenty of questions (not dismissive) - 0.3-0.5: Asked some questions but could have asked more - 0.6-0.8: Asked very few questions - 0.9-1.0: Asked NO questions at all Unknown_float (unclear how many questions): - 0.0-0.2: Transcript clearly shows question count - 0.3-0.5: Some questions visible but transcript incomplete - 0.6+: Cannot determine from transcript EXAMPLE: Transcript: How many boxes? What zip? Business or residence? When needed? → Discovery_float: 0.9 (asked 4 clear questions) → No_discovery_float: 0.05 (agent was asking, not avoiding) → Unknown_float: 0.05 (very clear) → Sum: 1.0 ✓",disco,117,Discovery_float;No_discovery_float;Unknown_float
"Thank you for calling Shred Nations. This is Martin. How can I help? This message has been transcribed. Hey, good morning. Good morning. So is this Fort Lauderdale Shredding Service? Yeah, we offer truck services that can go to you and shred on site if thats what youre looking for. Okay, gotcha. Well, my name is Jeff Rambin, and I own a company in Atlanta, Global Document Shredding. And I was thinking about relocating down here to Pompano Beach and just wanted to see if I could maybe talk to one of the owners or somebody about the business down here, the industry. Actually, youre in the industry already, you said? Global Document Shredding? Yeah. Ive been doing it for 28 years, copying and shredding. And, yeah, me and my business partner are about to split ways, and Im coming down here to Pompano Beach. I got you. So in this case, the address that you see online, it is just an office space that we advertise there. Were more of a referral service. Our corporate office is out in Denver, Colorado. So, I mean, I dont think we would be much help out there. I do apologize. No problem. No problem. Whats your corporate offices number? Itll be the same one. They all route here, and then were just filtering all the calls. Gotcha. Okay. Well, thanks for the input. And, yeah, I look forward to maybe, well, appreciate the info. Absolutely. Really appreciate it. Hope you have a good one. All right. Take care. Take care.","DEFINITION: Did the agent ask multiple discovery questions to understand the  customer's needs? Examples of discovery questions: - How many boxes do you have? - What's your zip code? - Is this for business or residence? - When do you need service? - Do you have any electronics to destroy? SCORING OUTPUT FORMAT: { Discovery_float: 0.0,      # Agent asked X questions (0=none, 1.0=15+) No_discovery_float: 0.0,         # Agent didn't ask questions Unknown_float: 0.0            # Unclear if questions were asked } SCORING RULES: discovery_float (agent DID ask questions): - 0.0-0.2: Asked 0-2 questions (minimal) - 0.3-0.5: Asked 3-5 questions (some) - 0.6-0.8: Asked 6-10 questions (good) - 0.9-1.0: Asked 10+ questions (excellent) Not_discovery_float (agent did NOT ask questions): - 0.0-0.2: Asked plenty of questions (not dismissive) - 0.3-0.5: Asked some questions but could have asked more - 0.6-0.8: Asked very few questions - 0.9-1.0: Asked NO questions at all Unknown_float (unclear how many questions): - 0.0-0.2: Transcript clearly shows question count - 0.3-0.5: Some questions visible but transcript incomplete - 0.6+: Cannot determine from transcript EXAMPLE: Transcript: How many boxes? What zip? Business or residence? When needed? → Discovery_float: 0.9 (asked 4 clear questions) → No_discovery_float: 0.05 (agent was asking, not avoiding) → Unknown_float: 0.05 (very clear) → Sum: 1.0 ✓",disco,118,Discovery_float;No_discovery_float;Unknown_float
"Thank you for calling Shred Nations. This is Maren. How can I help you? Your names Maren? Yes, Maren, M-A-R-T-I-N, hi. Oh, Maren. Oh, okay. Hey, I just want to make sure what your rates are and that I can drop some stuff off to Shred. How many boxes of paper are you trying to Shred? Its not. Its just like literally a Trader Joes bag. This is a UPS, so that youre calling on Hillendale Road. I could transfer you over there for exact rates and availability. I did see that you called us out of Cali at some point, so all these locations are all drop-off. We only offer a truck that can go to you directly. Okay.","DEFINITION: Did the agent ask multiple discovery questions to understand the  customer's needs? Examples of discovery questions: - How many boxes do you have? - What's your zip code? - Is this for business or residence? - When do you need service? - Do you have any electronics to destroy? SCORING OUTPUT FORMAT: { Discovery_float: 0.0,      # Agent asked X questions (0=none, 1.0=15+) No_discovery_float: 0.0,         # Agent didn't ask questions Unknown_float: 0.0            # Unclear if questions were asked } SCORING RULES: discovery_float (agent DID ask questions): - 0.0-0.2: Asked 0-2 questions (minimal) - 0.3-0.5: Asked 3-5 questions (some) - 0.6-0.8: Asked 6-10 questions (good) - 0.9-1.0: Asked 10+ questions (excellent) Not_discovery_float (agent did NOT ask questions): - 0.0-0.2: Asked plenty of questions (not dismissive) - 0.3-0.5: Asked some questions but could have asked more - 0.6-0.8: Asked very few questions - 0.9-1.0: Asked NO questions at all Unknown_float (unclear how many questions): - 0.0-0.2: Transcript clearly shows question count - 0.3-0.5: Some questions visible but transcript incomplete - 0.6+: Cannot determine from transcript EXAMPLE: Transcript: How many boxes? What zip? Business or residence? When needed? → Discovery_float: 0.9 (asked 4 clear questions) → No_discovery_float: 0.05 (agent was asking, not avoiding) → Unknown_float: 0.05 (very clear) → Sum: 1.0 ✓",disco,119,Discovery_float;No_discovery_float;Unknown_float
"Shred Nations, this is Kayla. Hello. Hi, this is Kayla with Shred Nations. Yes, I barely hear you. Is there a store located in Uxbridge, Ontario? Lets see. Yep, its going to be the UPS store there. They can take up to 10 boxes. Up to 10 boxes, eh? Yep. Okay, are they open yet or not yet? Lets see. They open at 8.30. Oh, they are open now then, eh? Okay, so thatll accept up to 10 boxes. I have more than that, but theyll take 10 at a time. Yeah, yeah, but other than that, we do offer a mobile truck service. How many boxes do you have? Oh, probably about, probably close to 25, 30. Okay. I already got them in my van. I can drop them off there. Its going to be more cost effective for that amount with a truck. What postal code are those in? Were at Port Perry. Port Perry, Ontario. L9L1B2. L9L1B2? Yeah. Okay. Thats Port Perry, Ontario. Yep. Ive already got them there. And then are they at a business location or residence? Well, theyre at a business location, yes. Okay. All right, let me just see here what Ive got for you. All right, yeah, unfortunately I do not have a provider or a truck that services me. Okay. So, yeah, if you wanted to, you can, I can get you over to the UPS store if youd like, and just to make sure they have availability in their bin for 10 boxes. Yeah. Is there a number I can call them directly at or just stop in there? Yeah, yeah. If youre on a cell phone, I can text you all their info. Well, I dont know how to do that. Im old and ancient. I just would like a phone number so I can call somebody at the store. Yeah, yep, its going to be here. I just texted it over to you, and Ill text you two different locations. You can just click directly right on the phone. Whats the phone number there? Its 2 Campbell Drive. Thats the address. Yep, yep, I just sent it over. What am I supposed to do now? Youll get a text message, and you can just click on the phone number right there. I dont know how to do a text message. Im old. I have just a regular flip phone. Okay, so their phone number is 905. Just a second. Let me grab a pen, please. Hang on a second. I was wondering why they gave me a number in Mississauga when I looked up the address. Okay, so its 905, yeah. 905-852-7707. 7707. Well, thank you very much for your help. Absolutely. Have a great day, okay? Bye-bye. Bye-bye.","DEFINITION: Did the agent ask multiple discovery questions to understand the  customer's needs? Examples of discovery questions: - How many boxes do you have? - What's your zip code? - Is this for business or residence? - When do you need service? - Do you have any electronics to destroy? SCORING OUTPUT FORMAT: { Discovery_float: 0.0,      # Agent asked X questions (0=none, 1.0=15+) No_discovery_float: 0.0,         # Agent didn't ask questions Unknown_float: 0.0            # Unclear if questions were asked } SCORING RULES: discovery_float (agent DID ask questions): - 0.0-0.2: Asked 0-2 questions (minimal) - 0.3-0.5: Asked 3-5 questions (some) - 0.6-0.8: Asked 6-10 questions (good) - 0.9-1.0: Asked 10+ questions (excellent) Not_discovery_float (agent did NOT ask questions): - 0.0-0.2: Asked plenty of questions (not dismissive) - 0.3-0.5: Asked some questions but could have asked more - 0.6-0.8: Asked very few questions - 0.9-1.0: Asked NO questions at all Unknown_float (unclear how many questions): - 0.0-0.2: Transcript clearly shows question count - 0.3-0.5: Some questions visible but transcript incomplete - 0.6+: Cannot determine from transcript EXAMPLE: Transcript: How many boxes? What zip? Business or residence? When needed? → Discovery_float: 0.9 (asked 4 clear questions) → No_discovery_float: 0.05 (agent was asking, not avoiding) → Unknown_float: 0.05 (very clear) → Sum: 1.0 ✓",disco,120,Discovery_float;No_discovery_float;Unknown_float
"Thank you for calling Shred Nations. This is Martin. How can I help you? Yeah, hi. My name is Brian. Im with Regina Catholic Schools in Iowa City. And we have a shredded tote here, and our head of school accidentally dropped her phone in it. Got you. We dont repair or work on shredders. We only offer trucks. No, no, no, no, no, no, no. No, no. I dont have a shredder. I have a tote. A bin. A rolly bin. Are you looking to maybe open that bin? Do you already have service with someone? Got you. What business do you have service with? Shredded. Thats a different company. Thats what Im going to do. Thank you.","DEFINITION: Did the agent ask multiple discovery questions to understand the  customer's needs? Examples of discovery questions: - How many boxes do you have? - What's your zip code? - Is this for business or residence? - When do you need service? - Do you have any electronics to destroy? SCORING OUTPUT FORMAT: { Discovery_float: 0.0,      # Agent asked X questions (0=none, 1.0=15+) No_discovery_float: 0.0,         # Agent didn't ask questions Unknown_float: 0.0            # Unclear if questions were asked } SCORING RULES: discovery_float (agent DID ask questions): - 0.0-0.2: Asked 0-2 questions (minimal) - 0.3-0.5: Asked 3-5 questions (some) - 0.6-0.8: Asked 6-10 questions (good) - 0.9-1.0: Asked 10+ questions (excellent) Not_discovery_float (agent did NOT ask questions): - 0.0-0.2: Asked plenty of questions (not dismissive) - 0.3-0.5: Asked some questions but could have asked more - 0.6-0.8: Asked very few questions - 0.9-1.0: Asked NO questions at all Unknown_float (unclear how many questions): - 0.0-0.2: Transcript clearly shows question count - 0.3-0.5: Some questions visible but transcript incomplete - 0.6+: Cannot determine from transcript EXAMPLE: Transcript: How many boxes? What zip? Business or residence? When needed? → Discovery_float: 0.9 (asked 4 clear questions) → No_discovery_float: 0.05 (agent was asking, not avoiding) → Unknown_float: 0.05 (very clear) → Sum: 1.0 ✓",disco,121,Discovery_float;No_discovery_float;Unknown_float
"Shred Nations, this is Kayla. Kayla, I want to see if you can give me some information. Is there somewhere that I can take some stuff and get shredded, or you just come to the house? Yeah, it depends on how many boxes or bags. We do offer bowls. Okay. I probably have, I would say, give and take maybe eight or ten boxes. Okay, eight to ten. Okay. And what zip code are those in? Excuse me? What zip code are those in? What are they putting in? What I have in there? What zip code? Oh, 33173. Im sorry, I couldnt hear you. 33173. No worries. All right. And are they at a business location or residence? Theyre resident. Okay. Yeah, so for that amount, it would be a mobile truck that comes out to your location and shreds on site. I do have a truck that services the area, so Im just going to confirm your contact info quick and get you transferred over to the pricing team for a quote. Okay, perfect. All right. And whats your first and last name? Tony, T-O-N-Y, Quintana, Q-U-I-N-T-A-N-A. Q-U-I-N-T. Yeah, Q-U-I-N-T-A-N-A, like Montana, but Quintana. I love it. Awesome. And a good e-mail address, please, for the truck. J as in Jack, A as in Apple, Quintana, Q-U-I-N-T-A-N-A, at bellesouth.net. All right. The best way to contact me is the phone. I never take my phone off. Okay. All right, perfect. Sounds good. Cool. Ill get you over to the pricing team now for a quote, and then Ill send you a follow-up e-mail with the direct phone number for the truck. That way, if you need it in the future, you have it. And at the bottom of that e-mail, theres a little portion just to rate my customer service, if you could click five stars, it would make my day. Perfect. No problem. Youre the best. All right, one moment, okay? Youre the best. Bye-bye. One moment. Hello. Thank you for calling All Points Mobile Shredding. Thanks for calling. Please wait for our next available security and compliance expert. At All Points Mobile Shredding, we provide NAID AAA certified. All Points, Lizette speaking. How can I help you? Hi, Lizette. This is Kayla with Shred Nation. Hi. Ive got Tony. Hey. Ive got Tony on the other line. Hes got eight to ten boxes at his residence in Miami. The zip code is 33173. 33173. Yeah. All right, got it. All right, here he is. Yeah. Thank you.","DEFINITION: Did the agent ask multiple discovery questions to understand the  customer's needs? Examples of discovery questions: - How many boxes do you have? - What's your zip code? - Is this for business or residence? - When do you need service? - Do you have any electronics to destroy? SCORING OUTPUT FORMAT: { Discovery_float: 0.0,      # Agent asked X questions (0=none, 1.0=15+) No_discovery_float: 0.0,         # Agent didn't ask questions Unknown_float: 0.0            # Unclear if questions were asked } SCORING RULES: discovery_float (agent DID ask questions): - 0.0-0.2: Asked 0-2 questions (minimal) - 0.3-0.5: Asked 3-5 questions (some) - 0.6-0.8: Asked 6-10 questions (good) - 0.9-1.0: Asked 10+ questions (excellent) Not_discovery_float (agent did NOT ask questions): - 0.0-0.2: Asked plenty of questions (not dismissive) - 0.3-0.5: Asked some questions but could have asked more - 0.6-0.8: Asked very few questions - 0.9-1.0: Asked NO questions at all Unknown_float (unclear how many questions): - 0.0-0.2: Transcript clearly shows question count - 0.3-0.5: Some questions visible but transcript incomplete - 0.6+: Cannot determine from transcript EXAMPLE: Transcript: How many boxes? What zip? Business or residence? When needed? → Discovery_float: 0.9 (asked 4 clear questions) → No_discovery_float: 0.05 (agent was asking, not avoiding) → Unknown_float: 0.05 (very clear) → Sum: 1.0 ✓",disco,122,Discovery_float;No_discovery_float;Unknown_float
"Thank you for calling Shred Nations. This is Martin. How can I help? My name is Virginia Jacobson. Hey, Im in Florida, Northport, and I see youve got a listing in a UPS store close to me to where I could get a large box of business papers shredded. Is that true? Yeah, absolutely. You could take up to 90 pounds of paper to them. It is drop-off, and theyll charge you per pound to do so. Otherwise, we offer truck services that can go to you and Shred on-site if thats what youre also needing. Okay, lets get some information. Let me write this down if you dont mind, please. So UPS is a drop-off, and they wont do it in front of me, so its per pound. And then if our truck services go to you and Shred, I dont have their pricing in front of me. I would have to gather some contact information. And then they would call you back with pricing and available dates to do that for you. Okay. Could you do that for me? Because Id like to see the stuff shredded in front of me to make sure that I dont have any possible issues. So one box worth of paper youre going to Shred, correct? Yeah. All right, perfect. You know, I could say 90 pounds just because I dont know how much the paper weighs. Okay, and then the best callback number? 517-281-1668, and Ill have to give you my address. Give that to the Shredders if you decide to work with them. The last thing I would need is your email, please. Okay, its O-D-Y-S-S-E-Y-927 at earthlink.net. Does that spell Odyssey927 at earthlink.net? Yes, sir. Thank you. Now, question, Im in Northport, Florida. Yeah, correct. Okay, all right. Whats the zip code there, sorry, where you do need service? 34291. 9191, yeah, perfect. So what Ill do is Ill go ahead and email you right now the Shredders phone number so you know whos going to be calling you with pricing, and itll ask you to rate my service. If you have a second, I would appreciate you, and I hope you have a great week. You too. Thank you very much. Take care. Bye. Bye.","DEFINITION: Did the agent ask multiple discovery questions to understand the  customer's needs? Examples of discovery questions: - How many boxes do you have? - What's your zip code? - Is this for business or residence? - When do you need service? - Do you have any electronics to destroy? SCORING OUTPUT FORMAT: { Discovery_float: 0.0,      # Agent asked X questions (0=none, 1.0=15+) No_discovery_float: 0.0,         # Agent didn't ask questions Unknown_float: 0.0            # Unclear if questions were asked } SCORING RULES: discovery_float (agent DID ask questions): - 0.0-0.2: Asked 0-2 questions (minimal) - 0.3-0.5: Asked 3-5 questions (some) - 0.6-0.8: Asked 6-10 questions (good) - 0.9-1.0: Asked 10+ questions (excellent) Not_discovery_float (agent did NOT ask questions): - 0.0-0.2: Asked plenty of questions (not dismissive) - 0.3-0.5: Asked some questions but could have asked more - 0.6-0.8: Asked very few questions - 0.9-1.0: Asked NO questions at all Unknown_float (unclear how many questions): - 0.0-0.2: Transcript clearly shows question count - 0.3-0.5: Some questions visible but transcript incomplete - 0.6+: Cannot determine from transcript EXAMPLE: Transcript: How many boxes? What zip? Business or residence? When needed? → Discovery_float: 0.9 (asked 4 clear questions) → No_discovery_float: 0.05 (agent was asking, not avoiding) → Unknown_float: 0.05 (very clear) → Sum: 1.0 ✓",disco,123,Discovery_float;No_discovery_float;Unknown_float
"Sure. This is Kayla. Hey, Kayla. My name is Cheryl Powers and I live in Keller, Texas. Yall have been here one other time a few years ago, but Im getting ready to move. And I have two plastic tubs. Ones not real big. The other one, I mean, I guess you would say they were large though. And a computer. And I was just wondering, could you just kind of give me a quote on what that would be? Yeah, how big are those bins? One is around, hang on, let me go out to the garage. I mean, I carried them out to the garage. Okay. Is it like one of those 64 gallon little trash bins, like the little cylindrical ones? No, just a second. Okay. So its like you pack your Christmas stuff in. One is black with a yellow top, like you get at Home Depot. Its like a 27 gallon or like a 32 gallon, does it say on the sticker on the side? Let me see here. Im moving them. It doesnt. It doesnt say that I can tell, but theyre- Theyre about two feet long, you think? Yes, at least. Yeah. Okay. And what zip code are you in? 76248. 76248. All right. Let me see what Ive got for you. But first I need to ask you something else. Do yall destroy the computer too? Yeah. So let me see if we have a truck that will do both. Okay. So unfortunately, we do not have a truck in that area who will do both. So it would have to be separate. But I do have a truck for the paper. Theyll take anywhere from one to nine copy paper boxes. It sounds like you have about four for a flat rate of 155 to come on site and do that. Okay. That would be fine. Whats a good email address for you, Cheryl? Okay. Well, yall have it, but Ill give it to you again because I get stuff from you every day practically. Oh, you do? Okay. Let me look at my system then. One moment. No, I can give it to you if you want me to. Okay. Yeah. Okay. Its Cheryl, S-H-E-R-R-Y-L-J-P at gmail.com. J-P? Yes, maam. At gmail.com. Okay. Perfect. And whats the address where the truck will be coming? 4-0-2, Mineral Springs Court. Monroe? No, Mineral. M-I-N-E-R. Hang on. A-L? A-L, yeah. Mineral. Like a mineral, you know. Okay. Mineral. And what was the rest of it? Mineral Springs Court. Okay. Perfect. All right. If you want to hold the line one moment, I will get you over to the scheduling team. Okay. And then Ill send you the address. Ill send you that follow-up email with the direct phone number for the truck. That way, if you need it in the future. Okay. Go ahead and tell me how you spell Mineral. Lets be sure youve got that right. M-I-N-E-R-A-L. Thats right. And then be sure the Mineral Springs Court, if the courts not on there, itll text you somewhere else. So that sounds good. Okay. Sounds good. Thank you very much. All right. Perfect. And then Ill send you a quick text message just to rate my customer service. If you could click five stars, it would make my day. Okay. Okay. Thank you very much. So Ill just wait then to talk. All right. Yep. Exactly. Just one moment. Okay? Okay. Of course. All right. Your call may be recorded or transcribed by us or our service providers for system and quality training. Good morning. This is Paul in Shred America. This is Claude. How can I help you? Hey, Claude. Its Kayla with Shred Nations. I got a pre-sold for you. Oh. You guys got a new girl there. I had to tell her about you. When Tobias, dont take any advice from her. I cant, I cant, I forgot what her name was, but she knew it. Uh, Hattie. Hattie. Yes, yes, yes, yes. And, uh, when I started talking to her, she just, she did, she just started laughing. Like she knew, she heard about me or something. Yeah. Yeah. Youre famous over here, Claude. Oh God. Stop it. Im going to get the walk of fame to keep you in the city, baby. All right. This is, uh, Cheryl. Shes got about, uh, four boxes at her residence in Keller. The zip code is 76248. Uh, she agreed to the pre-sold for one. Wait, hold on. My pens stopped writing. Hold on. Hold on. Hold on. My pens stopped. My pens stopped. Uh, 76248, you said? Yep. 76248. Okay. And shes got, uh, how many boxes again? Uh, about four. Four. She agreed to the 155? Yep. Exactly. Okay, cool. Go ahead and put Michelle through. You have, you guys have a great one. If I dont talk to you guys, you guys have a blessed holiday. Okay. All right. You too, Claude. Here she is. All right, babe.","DEFINITION: Did the agent ask multiple discovery questions to understand the  customer's needs? Examples of discovery questions: - How many boxes do you have? - What's your zip code? - Is this for business or residence? - When do you need service? - Do you have any electronics to destroy? SCORING OUTPUT FORMAT: { Discovery_float: 0.0,      # Agent asked X questions (0=none, 1.0=15+) No_discovery_float: 0.0,         # Agent didn't ask questions Unknown_float: 0.0            # Unclear if questions were asked } SCORING RULES: discovery_float (agent DID ask questions): - 0.0-0.2: Asked 0-2 questions (minimal) - 0.3-0.5: Asked 3-5 questions (some) - 0.6-0.8: Asked 6-10 questions (good) - 0.9-1.0: Asked 10+ questions (excellent) Not_discovery_float (agent did NOT ask questions): - 0.0-0.2: Asked plenty of questions (not dismissive) - 0.3-0.5: Asked some questions but could have asked more - 0.6-0.8: Asked very few questions - 0.9-1.0: Asked NO questions at all Unknown_float (unclear how many questions): - 0.0-0.2: Transcript clearly shows question count - 0.3-0.5: Some questions visible but transcript incomplete - 0.6+: Cannot determine from transcript EXAMPLE: Transcript: How many boxes? What zip? Business or residence? When needed? → Discovery_float: 0.9 (asked 4 clear questions) → No_discovery_float: 0.05 (agent was asking, not avoiding) → Unknown_float: 0.05 (very clear) → Sum: 1.0 ✓",disco,124,Discovery_float;No_discovery_float;Unknown_float
"Hi, this is Katerina at Shred Nations. Can I help you? Yes, hi, good morning. Im calling to find out if you provide law enforcement shredding, uniform shredding services in New York. Let me take a look. I almost certainly do. I think the provider that we have that does do that typically wants everything, like, palletized and shipped out. So I can double-check and see if I have someone, but usually the one that we do have that destroys, like, uniforms, does that. Whats your zip code? And Ill take a look and see what I have. 10045. And how many uniforms do you have? I have six. I think theyre 95-gallon totes full. Okay, so lets see. I wont be able to ship them out. Okay. Thats okay, I understand. I know thats kind of, like, tedious. Yeah, so the only provider in that area, they require it to be shipped out. I dont have any other ones in that area that can do that without having to have it shipped. Im sorry. No, okay, thank you very much. Appreciate it. Youre welcome. Bye-bye. Okay, bye-bye.","DEFINITION: Did the agent ask multiple discovery questions to understand the  customer's needs? Examples of discovery questions: - How many boxes do you have? - What's your zip code? - Is this for business or residence? - When do you need service? - Do you have any electronics to destroy? SCORING OUTPUT FORMAT: { Discovery_float: 0.0,      # Agent asked X questions (0=none, 1.0=15+) No_discovery_float: 0.0,         # Agent didn't ask questions Unknown_float: 0.0            # Unclear if questions were asked } SCORING RULES: discovery_float (agent DID ask questions): - 0.0-0.2: Asked 0-2 questions (minimal) - 0.3-0.5: Asked 3-5 questions (some) - 0.6-0.8: Asked 6-10 questions (good) - 0.9-1.0: Asked 10+ questions (excellent) Not_discovery_float (agent did NOT ask questions): - 0.0-0.2: Asked plenty of questions (not dismissive) - 0.3-0.5: Asked some questions but could have asked more - 0.6-0.8: Asked very few questions - 0.9-1.0: Asked NO questions at all Unknown_float (unclear how many questions): - 0.0-0.2: Transcript clearly shows question count - 0.3-0.5: Some questions visible but transcript incomplete - 0.6+: Cannot determine from transcript EXAMPLE: Transcript: How many boxes? What zip? Business or residence? When needed? → Discovery_float: 0.9 (asked 4 clear questions) → No_discovery_float: 0.05 (agent was asking, not avoiding) → Unknown_float: 0.05 (very clear) → Sum: 1.0 ✓",disco,125,Discovery_float;No_discovery_float;Unknown_float
"Shred Nations, this is Katerina. Can I help you? Hi, yes. Do you have service in Tolland? Im almost certain we do. Do you mind giving me your zip code real quick and Ill take a look? Sure. 06084. 06084. Let me just take a quick look. Yeah, it looks like we do. How many boxes did you have to shred or bags? Um, I thats the thing. I dont know. I was actually looking for like, one of those recycle bins. You know, like in the office, you put you put the paper in the slot. Do you rent those for me, Phil, and then somebody comes to pick up? Or do they have to be in boxes? No, it could be that would be like an ongoing service what youre describing. More basically, the truck just comes out like monthly or weekly, however often you need. Theyll just drop off a bin. Is it for an office or like a home business? Um, its I work from home. So, um, so yeah, but I really I wanted it for, you know, maybe like a one time clean out of of everything. So I didnt know if that was an option. Okay, you just want like a bin dropped off to fill up. Okay. Um, yeah, let me let me take a quick look and see. What? We can do. Ill call the provider in your area and just double check and make sure that they would drop off a bin. Um, whats your first and last name? Sure. Its Amy Hathaway. H-A-T-H-E-W-A-Y. Okay, and then a good email for you? Sure. Its ahathaway01 at gmail.com. And then these bins would be dropped off at your house, correct? Yes. Okay, Im going to put you on a brief hold and ask this provider. If they if theyre able, because usually they do that for businesses. But Im going to call them and explain that you kind of work from home and see if theyre able to drop off a bin at your at your residence. Okay. Yeah, if you can just get me a quote, thatd be great. Yeah, yeah. Im just gonna put you on a brief hold real quick. Okay. Sounds good. Thanks. Thank you for calling Legal Shred. Please press one for current customers. A Legal Shred sales representative will be with you in a moment. Thank you for calling Legal Shred where we put the confidence in confidential. Thank you. Thank you. Thank you. Thank you. Thank you. Thank you. Thank you. Thank you. Thank you. Thank you. Thank you. Thank you. Thank you. Thank you. Thank you. Thank you. Thank you. Thank you. Thank you. Thank you. Thank you. Thank you. Thank you. Thank you. Well return to your call shortly. Legal Shred. Good morning. Hi, this is Katerina at Shred Nations. I just have a quick question for you guys. I have a potential customer and they would like she worked from home and she wants a bin dropped off at her house so she can clean out like her home office. Is that something you guys do? Whats the zip code for the location? Its in Talland. Its 06084. Okay. You mean like a bin rental youre saying, right? Yeah. Yeah, she doesnt want a monthly service, though. She just wants, like, a one-time drop-off so she can clean out her office at her house. Well, we do one-time shredding, but we dont do bin rental or bin drop-off. Okay. Okay. All right. Just so I double-check. Sometimes theres providers that do that. But Ill just explain to her it needs to be in boxes, and then Ill email it over to you guys if she agrees. Okay? Yeah, boxes or bags. I mean, but we dont drop off of it and come back later. Lets see. Everythings done in one shot. Okay. Ill make sure I clarify that. Thank you. No problem. Take care. Bye. You too, buddy. Okay. Sorry about that. So it looks like they dont drop off bins unless its, like, a contract. Like, youd have to have, like, a monthly service. So they said they can come and pick up all the paper if you are able to gather it all together and just have it, you know, all ready to go. I mean, it doesnt have to be in boxes. It can be in bags, like trash bags. Okay. But, yeah, and then they can come pick it up. But they just dont drop off bins. Okay. Is there a direct line for them? So, like, when Im done doing this, I can give them a call or should I call you? Just call this number back and then well get you connected with them. Okay. Once we get a box count. Because all we need on our end to send it over to them is just a box count from you. So they kind of have an idea of, like, you know, how to quote you accordingly. Sure. Okay. Perfect. Thank you so much. Yeah. Not a problem. Have a great day. You too. Bye-bye. Bye.","DEFINITION: Did the agent ask multiple discovery questions to understand the  customer's needs? Examples of discovery questions: - How many boxes do you have? - What's your zip code? - Is this for business or residence? - When do you need service? - Do you have any electronics to destroy? SCORING OUTPUT FORMAT: { Discovery_float: 0.0,      # Agent asked X questions (0=none, 1.0=15+) No_discovery_float: 0.0,         # Agent didn't ask questions Unknown_float: 0.0            # Unclear if questions were asked } SCORING RULES: discovery_float (agent DID ask questions): - 0.0-0.2: Asked 0-2 questions (minimal) - 0.3-0.5: Asked 3-5 questions (some) - 0.6-0.8: Asked 6-10 questions (good) - 0.9-1.0: Asked 10+ questions (excellent) Not_discovery_float (agent did NOT ask questions): - 0.0-0.2: Asked plenty of questions (not dismissive) - 0.3-0.5: Asked some questions but could have asked more - 0.6-0.8: Asked very few questions - 0.9-1.0: Asked NO questions at all Unknown_float (unclear how many questions): - 0.0-0.2: Transcript clearly shows question count - 0.3-0.5: Some questions visible but transcript incomplete - 0.6+: Cannot determine from transcript EXAMPLE: Transcript: How many boxes? What zip? Business or residence? When needed? → Discovery_float: 0.9 (asked 4 clear questions) → No_discovery_float: 0.05 (agent was asking, not avoiding) → Unknown_float: 0.05 (very clear) → Sum: 1.0 ✓",disco,126,Discovery_float;No_discovery_float;Unknown_float
"Shred Nations, this is Kayla. Good morning, Kayla. My name is James DeDonna. I have some files to be shredded, eight boxes. Yeah, how many boxes? Eight? Eight. Okay, let me see what I got for you here. Okay, so eight boxes. And what zip code are those in? 33914. 33914. All right, cool. And are they at a business location or residence? Theyre at a residence, but theyre business files. Okay, cool. Let me see what I got for you. So unfortunately, it looks like I do not have a mobile truck that services the area. But if youd like, I can confirm your contact info and have my sales team look into this a little bit further. Thank you.","DEFINITION: Did the agent ask multiple discovery questions to understand the  customer's needs? Examples of discovery questions: - How many boxes do you have? - What's your zip code? - Is this for business or residence? - When do you need service? - Do you have any electronics to destroy? SCORING OUTPUT FORMAT: { Discovery_float: 0.0,      # Agent asked X questions (0=none, 1.0=15+) No_discovery_float: 0.0,         # Agent didn't ask questions Unknown_float: 0.0            # Unclear if questions were asked } SCORING RULES: discovery_float (agent DID ask questions): - 0.0-0.2: Asked 0-2 questions (minimal) - 0.3-0.5: Asked 3-5 questions (some) - 0.6-0.8: Asked 6-10 questions (good) - 0.9-1.0: Asked 10+ questions (excellent) Not_discovery_float (agent did NOT ask questions): - 0.0-0.2: Asked plenty of questions (not dismissive) - 0.3-0.5: Asked some questions but could have asked more - 0.6-0.8: Asked very few questions - 0.9-1.0: Asked NO questions at all Unknown_float (unclear how many questions): - 0.0-0.2: Transcript clearly shows question count - 0.3-0.5: Some questions visible but transcript incomplete - 0.6+: Cannot determine from transcript EXAMPLE: Transcript: How many boxes? What zip? Business or residence? When needed? → Discovery_float: 0.9 (asked 4 clear questions) → No_discovery_float: 0.05 (agent was asking, not avoiding) → Unknown_float: 0.05 (very clear) → Sum: 1.0 ✓",disco,127,Discovery_float;No_discovery_float;Unknown_float
"Thank you for calling Shred Nations. This is Martin. How can I help? Hi. Yes, Im calling from the Georgia Department of Community Supervision. Im calling to see if you all offer shredding for state agencies or government agencies. We do not. Are you bidding on the job? No, no, no. We just wanted to. Years ago, we used to have community service workers that worked at the shredding locations, and I could not figure out which one it is. And now we are moving an office, and we just have a large load to shred, and I wanted to see if we could bring documents there. Gotcha. This is a drop-off at the UPS, or youre trying to call, but we offer truck services that can go to you and shred on-site, if thats maybe what you were looking for. No, I was looking for a location that had, like, the shreds been on-site. Gotcha. I guess that would be, you know. Sorry, Im going through this. This is the old Alabama Road location, though? Thats just an office space for us, correct, yeah, but we mainly offer mobile services that go to you and shred. I got you. Okay, okay. I certainly appreciate it. Thank you so much. Hope you have a good one.","DEFINITION: Did the agent ask multiple discovery questions to understand the  customer's needs? Examples of discovery questions: - How many boxes do you have? - What's your zip code? - Is this for business or residence? - When do you need service? - Do you have any electronics to destroy? SCORING OUTPUT FORMAT: { Discovery_float: 0.0,      # Agent asked X questions (0=none, 1.0=15+) No_discovery_float: 0.0,         # Agent didn't ask questions Unknown_float: 0.0            # Unclear if questions were asked } SCORING RULES: discovery_float (agent DID ask questions): - 0.0-0.2: Asked 0-2 questions (minimal) - 0.3-0.5: Asked 3-5 questions (some) - 0.6-0.8: Asked 6-10 questions (good) - 0.9-1.0: Asked 10+ questions (excellent) Not_discovery_float (agent did NOT ask questions): - 0.0-0.2: Asked plenty of questions (not dismissive) - 0.3-0.5: Asked some questions but could have asked more - 0.6-0.8: Asked very few questions - 0.9-1.0: Asked NO questions at all Unknown_float (unclear how many questions): - 0.0-0.2: Transcript clearly shows question count - 0.3-0.5: Some questions visible but transcript incomplete - 0.6+: Cannot determine from transcript EXAMPLE: Transcript: How many boxes? What zip? Business or residence? When needed? → Discovery_float: 0.9 (asked 4 clear questions) → No_discovery_float: 0.05 (agent was asking, not avoiding) → Unknown_float: 0.05 (very clear) → Sum: 1.0 ✓",disco,128,Discovery_float;No_discovery_float;Unknown_float
"Thank you for calling Shred Nations. This is Martin. How can I help? Hey, I just had a quick question. I saw you online, saw the business online, and I have some shredding that I need. Is that just something I can bring directly to you, or is this like pickup only? We offer truck services that go to you directly, but if you head to this address, it would be a drop-off at the UPS store. They would charge you per pound over there to do so. I can transfer you there for exact rates and procedures. No, thats okay. Which UPS would that be? Actually, youre calling the Surge Speedy on Old Windsor Road, so I could transfer you to this location to get their rates and procedures. Otherwise, the truck can go to you as well. Okay. All right. No, thank you. Have a good one. Have a good one.","DEFINITION: Did the agent ask multiple discovery questions to understand the  customer's needs? Examples of discovery questions: - How many boxes do you have? - What's your zip code? - Is this for business or residence? - When do you need service? - Do you have any electronics to destroy? SCORING OUTPUT FORMAT: { Discovery_float: 0.0,      # Agent asked X questions (0=none, 1.0=15+) No_discovery_float: 0.0,         # Agent didn't ask questions Unknown_float: 0.0            # Unclear if questions were asked } SCORING RULES: discovery_float (agent DID ask questions): - 0.0-0.2: Asked 0-2 questions (minimal) - 0.3-0.5: Asked 3-5 questions (some) - 0.6-0.8: Asked 6-10 questions (good) - 0.9-1.0: Asked 10+ questions (excellent) Not_discovery_float (agent did NOT ask questions): - 0.0-0.2: Asked plenty of questions (not dismissive) - 0.3-0.5: Asked some questions but could have asked more - 0.6-0.8: Asked very few questions - 0.9-1.0: Asked NO questions at all Unknown_float (unclear how many questions): - 0.0-0.2: Transcript clearly shows question count - 0.3-0.5: Some questions visible but transcript incomplete - 0.6+: Cannot determine from transcript EXAMPLE: Transcript: How many boxes? What zip? Business or residence? When needed? → Discovery_float: 0.9 (asked 4 clear questions) → No_discovery_float: 0.05 (agent was asking, not avoiding) → Unknown_float: 0.05 (very clear) → Sum: 1.0 ✓",disco,129,Discovery_float;No_discovery_float;Unknown_float
"Thank you for calling Shred Nations. This is Martin. How can I help you? Hi, I just got a call from someone in your office. I put in a quote for getting some shredding done, and it said you need more information. Yeah, hey, Jay, hopefully youre doing well. How many boxes of paper are you trying to shred? About three to four. Three to four. Let me see what we have. And youre in zip code 78006? Right. For the amount that you have, I do have a truck that can go to you and shred on site for $195. I could have them call you back with scheduling if that works. Is there a place I can take it? I understood the UPS store in town. Thats where you could drop off is at the UPS, and they have their own rates per pound. I could get you on over there before you go. Okay. All right, Ill get you on over to the one thats on Bandero Road, and then Ill text you another location just in case so you could also call them directly. Okay, that would be perfect. Thank you. All right, take care.","DEFINITION: Did the agent ask multiple discovery questions to understand the  customer's needs? Examples of discovery questions: - How many boxes do you have? - What's your zip code? - Is this for business or residence? - When do you need service? - Do you have any electronics to destroy? SCORING OUTPUT FORMAT: { Discovery_float: 0.0,      # Agent asked X questions (0=none, 1.0=15+) No_discovery_float: 0.0,         # Agent didn't ask questions Unknown_float: 0.0            # Unclear if questions were asked } SCORING RULES: discovery_float (agent DID ask questions): - 0.0-0.2: Asked 0-2 questions (minimal) - 0.3-0.5: Asked 3-5 questions (some) - 0.6-0.8: Asked 6-10 questions (good) - 0.9-1.0: Asked 10+ questions (excellent) Not_discovery_float (agent did NOT ask questions): - 0.0-0.2: Asked plenty of questions (not dismissive) - 0.3-0.5: Asked some questions but could have asked more - 0.6-0.8: Asked very few questions - 0.9-1.0: Asked NO questions at all Unknown_float (unclear how many questions): - 0.0-0.2: Transcript clearly shows question count - 0.3-0.5: Some questions visible but transcript incomplete - 0.6+: Cannot determine from transcript EXAMPLE: Transcript: How many boxes? What zip? Business or residence? When needed? → Discovery_float: 0.9 (asked 4 clear questions) → No_discovery_float: 0.05 (agent was asking, not avoiding) → Unknown_float: 0.05 (very clear) → Sum: 1.0 ✓",disco,130,Discovery_float;No_discovery_float;Unknown_float
"Shred Nations, this is Kayla. Good morning, Kayla. My name is James DeDonna. I have some files to be shredded, eight boxes. Yeah, how many boxes? Eight? Eight. Okay, let me see what I got for you here. Okay, so eight boxes. And what zip code are those in? 33914. 33914. All right, cool. And are they at a business location or residence? Theyre at a residence, but theyre business files. Okay, cool. Let me see what I got for you. So unfortunately, it looks like I do not have a mobile truck that services the area. But if youd like, I can confirm your contact info and have my sales team look into this a little bit further. Thank you.","DEFINITION: Did the agent ask multiple discovery questions to understand the  customer's needs? Examples of discovery questions: - How many boxes do you have? - What's your zip code? - Is this for business or residence? - When do you need service? - Do you have any electronics to destroy? SCORING OUTPUT FORMAT: { Discovery_float: 0.0,      # Agent asked X questions (0=none, 1.0=15+) No_discovery_float: 0.0,         # Agent didn't ask questions Unknown_float: 0.0            # Unclear if questions were asked } SCORING RULES: discovery_float (agent DID ask questions): - 0.0-0.2: Asked 0-2 questions (minimal) - 0.3-0.5: Asked 3-5 questions (some) - 0.6-0.8: Asked 6-10 questions (good) - 0.9-1.0: Asked 10+ questions (excellent) Not_discovery_float (agent did NOT ask questions): - 0.0-0.2: Asked plenty of questions (not dismissive) - 0.3-0.5: Asked some questions but could have asked more - 0.6-0.8: Asked very few questions - 0.9-1.0: Asked NO questions at all Unknown_float (unclear how many questions): - 0.0-0.2: Transcript clearly shows question count - 0.3-0.5: Some questions visible but transcript incomplete - 0.6+: Cannot determine from transcript EXAMPLE: Transcript: How many boxes? What zip? Business or residence? When needed? → Discovery_float: 0.9 (asked 4 clear questions) → No_discovery_float: 0.05 (agent was asking, not avoiding) → Unknown_float: 0.05 (very clear) → Sum: 1.0 ✓",disco,131,Discovery_float;No_discovery_float;Unknown_float
"Hi, this is Katerina with Shred Nations. Can I help you? Yes. We have quite a bit of documents here, and were wanting some information about getting them shredded. Okay. Yeah. How many boxes do you have? And I could kind of go over what your options would be. We have those banker boxes, and we have 35 of them. Okay. And are these at a business or a residence? Business. Okay. Could you confirm your zip code for me, please? 47129. Thank you. And you said 35 boxes. Whats the name of the business, please? St. Anthony Catholic Church. Thank you. And then your first and last name? Mary Motherwell. Motherwell, is this how it sounds? M-O-S-T-H-E-L-L-E. M-O-S-T-H-E-R-W-E-L-L? Yes. Okay. Got it. Thank you. Let me just take a quick peek and see what we have in your area. Do you have a good email, Mary? Yes. Its business at stanthony-clarksville.org. And St. Anthony is S-T-Anthony. Oh, okay. Im glad you clarified that. Because I definitely didnt put that in there. So, stanthony-clarksville.org. Okay. Yes. Business at stanthony-clarksville.org. Yep. Got it. Thank you. Appreciate it. So, I have actually two separate providers that route your particular area in Clarksville. So, Im going to send this information over and theyll reach out to you to give you a quote for the 35 boxes that you have. Okay. Just to confirm, do you have the longer boxes, like the 24-inch boxes, or are they just the 15-by-12-inch boxes? Theyre just standard size. Okay. Just the standard bankers box. Okay. All right. And then, are you okay with getting quotes for both on-site and off-site shredding? They both involve a truck coming out, but the only difference is one of the services would have a truck come out, pick everything up, and then they would shred it at their warehouse and then give you a certificate of destruction. Either way. Whatevers the least expensive. Its nothing. Its just old bank documents, that kind of stuff. Okay. Yeah, I think usually the off-site quotes are generally a little bit less costly than the on-site. So, Ill get you quotes for both. That way you kind of have something to compare it with, okay? Yes. Is this the best number to reach you at, Mary? 812-282-2290, and Im extension 2. Okay, great. All right. Im going to get this sent over. Do you have any other questions? No. Do you know when Ill hear something back? Theyre pretty good about calling, like, almost immediately. I would say within at least 30 minutes after we get off the phone. I just send it over to them. Everything we just discussed, Ill send it to them via email. They kind of review it, and then they reach out to give you, like, a formal quote. But Ill make sure to send you an email with their direct contact information, just in case you dont hear anything, okay? Okay. Yeah, because Im going to be in a meeting this morning for a couple of hours, or at least an hour. So, if Im not at my desk, I just want to be able to reach back. Yeah, yeah, yeah. Ill send you their contact information in your email. That way you can reach out to them if you miss them while youre in the meeting, okay? Thank you. Yeah, not a problem. Have a great day. You too. Bye. Bye-bye.","DEFINITION: Did the agent ask multiple discovery questions to understand the  customer's needs? Examples of discovery questions: - How many boxes do you have? - What's your zip code? - Is this for business or residence? - When do you need service? - Do you have any electronics to destroy? SCORING OUTPUT FORMAT: { Discovery_float: 0.0,      # Agent asked X questions (0=none, 1.0=15+) No_discovery_float: 0.0,         # Agent didn't ask questions Unknown_float: 0.0            # Unclear if questions were asked } SCORING RULES: discovery_float (agent DID ask questions): - 0.0-0.2: Asked 0-2 questions (minimal) - 0.3-0.5: Asked 3-5 questions (some) - 0.6-0.8: Asked 6-10 questions (good) - 0.9-1.0: Asked 10+ questions (excellent) Not_discovery_float (agent did NOT ask questions): - 0.0-0.2: Asked plenty of questions (not dismissive) - 0.3-0.5: Asked some questions but could have asked more - 0.6-0.8: Asked very few questions - 0.9-1.0: Asked NO questions at all Unknown_float (unclear how many questions): - 0.0-0.2: Transcript clearly shows question count - 0.3-0.5: Some questions visible but transcript incomplete - 0.6+: Cannot determine from transcript EXAMPLE: Transcript: How many boxes? What zip? Business or residence? When needed? → Discovery_float: 0.9 (asked 4 clear questions) → No_discovery_float: 0.05 (agent was asking, not avoiding) → Unknown_float: 0.05 (very clear) → Sum: 1.0 ✓",disco,132,Discovery_float;No_discovery_float;Unknown_float
"Thank you for calling Shred Nations. This is Martin. How can I help? Good afternoon, Martin. Do you guys service PG County, Maryland? Whats the zip code there? Landover, Maryland. I want to say 20767. And how many boxes of paper are you trying to shred? I dont have an exact number. Tentatively, lets say 100. And did you say zip code 20767? Yeah, I think. I couldnt find nothing with that zip code. 20772, maybe. Landover, Maryland. Were zip code specific, so I would need to know if theyre out there. That shows me Upper Marlboro. All right, give me a second. Let me look it up. Thank you. 20785. 20785. All right, lets see. So for 100 boxes and hydro, I do have a shred of that route set that can handle the demand. And what I can do is, I can gather some contact information, and they would call you back with pricing and available dates, if thats okay. Okay, thatd be fine. Can you give me a roundabout time of an estimated date? Its something I can do to expedite the process. Theyll call you back. It shouldnt be too much longer after we finish this call for them to reach out. Your phone will be ringing, and theyll call you back. What is the best callback number? 202-744-7444. 202-744-7444. 202-744-7444. 202-744-7444. 202-744-7444. 202-744-7444. Your first and last name? Anthony Burch. Is this back to the call center? Because when I looked online, I noticed you guys had a . Thats a drop off at the UPS store that youre calling. But yeah, in this case, the shredders are on route right now. Im here gathering the info so they can call you back and go over pricing. Okay, cool. Yeah, and then in this case, theyre going to a business or residence? Business. All right, whats the name of the business? I dont know. Its an apartment complex, so I guess that would be considered a business. Yeah, whats the name of the complex? Summer Ridge. Summer Ridge. And last thing would be your email, and Ill send you the shredders phone number so you know whos calling you. It would be EMGSolutions, S-O-L-U-T-I-O-N-S-L-L-C, at gmail. At gmail, thank you. And then do you need to watch your documents be shredded? Theyre on-site, or can they pick them up and shred them off-site? Im not sure. Is one cheaper than the other? I can have them quote you for both, if thats okay? Thatll be fine. All right, what Ill do right now is Ill email you the shredders number so youre aware of who will reach out to you. Youll get two quotes to work with, one for on, one for off-site shredding, and itll ask you to rate my service. If you have a second, Id appreciate you, and I hope you have a great rest of your day. Perfect. Thank you. Bye-bye. Bye-bye. Bye-bye. Bye-bye. Bye-bye. Bye-bye. Bye-bye. Bye-bye. Bye-bye. Bye-bye. ... Take care. . . . . . . . . . . . . . . . . . . . . . . . .","DEFINITION: Did the agent ask multiple discovery questions to understand the  customer's needs? Examples of discovery questions: - How many boxes do you have? - What's your zip code? - Is this for business or residence? - When do you need service? - Do you have any electronics to destroy? SCORING OUTPUT FORMAT: { Discovery_float: 0.0,      # Agent asked X questions (0=none, 1.0=15+) No_discovery_float: 0.0,         # Agent didn't ask questions Unknown_float: 0.0            # Unclear if questions were asked } SCORING RULES: discovery_float (agent DID ask questions): - 0.0-0.2: Asked 0-2 questions (minimal) - 0.3-0.5: Asked 3-5 questions (some) - 0.6-0.8: Asked 6-10 questions (good) - 0.9-1.0: Asked 10+ questions (excellent) Not_discovery_float (agent did NOT ask questions): - 0.0-0.2: Asked plenty of questions (not dismissive) - 0.3-0.5: Asked some questions but could have asked more - 0.6-0.8: Asked very few questions - 0.9-1.0: Asked NO questions at all Unknown_float (unclear how many questions): - 0.0-0.2: Transcript clearly shows question count - 0.3-0.5: Some questions visible but transcript incomplete - 0.6+: Cannot determine from transcript EXAMPLE: Transcript: How many boxes? What zip? Business or residence? When needed? → Discovery_float: 0.9 (asked 4 clear questions) → No_discovery_float: 0.05 (agent was asking, not avoiding) → Unknown_float: 0.05 (very clear) → Sum: 1.0 ✓",disco,133,Discovery_float;No_discovery_float;Unknown_float
"Thank you for calling Shred Nations. This is Martin. How can I help? Hey, how are you? Every day is good. Hopefully youre well. Good. Good. I was wondering, how does yall system, how do yall work? Do yall drop off like beans or something? Sometimes they do, but its not too common anymore, if Im being honest. How many boxes of paper are you trying to shred? Oh, well, Im not sure. Theres several of them. With your best guess? Maybe six. Six boxes. Your zip code? Yeah. 31210. Im not far from yall. So the address that youre calling now is a drop-off at the UPS store. You have too much for them to shred? For this amount, we offer a truck service that goes to you, and they shred on-site. What I can do is gather some contact information, and they would call you back with pricing and available dates to do this for you. Okay. Well, thats fine. Its just, we had to go through some stuff, so we were just going to load it as we go through it, like the beans they do. Got you. Yeah. These guys, I believe they dont drop off. They do for businesses, and if its ongoing service only. But theyre going to give you a quote for about six boxes. Its a flat rate, and then you can schedule a day for them to come out. Okay. Thank you. Whats the best? Oh, absolutely. Thats good. Yep. Give us a call if you need help. Okay. Thank you. All right. All right.","DEFINITION: Did the agent ask multiple discovery questions to understand the  customer's needs? Examples of discovery questions: - How many boxes do you have? - What's your zip code? - Is this for business or residence? - When do you need service? - Do you have any electronics to destroy? SCORING OUTPUT FORMAT: { Discovery_float: 0.0,      # Agent asked X questions (0=none, 1.0=15+) No_discovery_float: 0.0,         # Agent didn't ask questions Unknown_float: 0.0            # Unclear if questions were asked } SCORING RULES: discovery_float (agent DID ask questions): - 0.0-0.2: Asked 0-2 questions (minimal) - 0.3-0.5: Asked 3-5 questions (some) - 0.6-0.8: Asked 6-10 questions (good) - 0.9-1.0: Asked 10+ questions (excellent) Not_discovery_float (agent did NOT ask questions): - 0.0-0.2: Asked plenty of questions (not dismissive) - 0.3-0.5: Asked some questions but could have asked more - 0.6-0.8: Asked very few questions - 0.9-1.0: Asked NO questions at all Unknown_float (unclear how many questions): - 0.0-0.2: Transcript clearly shows question count - 0.3-0.5: Some questions visible but transcript incomplete - 0.6+: Cannot determine from transcript EXAMPLE: Transcript: How many boxes? What zip? Business or residence? When needed? → Discovery_float: 0.9 (asked 4 clear questions) → No_discovery_float: 0.05 (agent was asking, not avoiding) → Unknown_float: 0.05 (very clear) → Sum: 1.0 ✓",disco,134,Discovery_float;No_discovery_float;Unknown_float
"Shred Nations, this is Kayla. Hi, I was calling to set up an appointment to have a shred truck come here and shred the documents at my house. Yeah, absolutely. How many boxes or bags do you have? Right now, I have a huge tote. Okay, how big is the tote? Oh my God, its one of the big ones. Its a big tote. I mean, I probably have like 15 pounds of paper. 15 pounds, that would be half of a copy paper box. Does that sound right? No, I have maybe more than that. Okay. Whats the total of those bins? 75072. Let me just measure because I have one of the totes downstairs. Okay. Yeah, maybe its like one of the 32-gallon bins, which would equal about four copy paper boxes. It is... Its a 34-gallon bin. 34-gallon bin. 34-gallon. Okay, perfect. All right, let me see what I got for a truck. Yeah, and Im looking... I do have a mobile truck that will come out and shred on site. Theyll take anywhere from one to nine boxes. Sounds like you have about four for a flat rate of 155. Okay. All right, and whats your first and last name? Its Jessica. Last name is V-O-V as in Victor. I-E-L. Perfect. And then a good email address for the truck, please. Its J, and its V-O. V as in Victor. I-E-L at mail.com. At mail.com? Yep. All right, perfect. And what is the address that the truck will be coming to? 501 Denson D-E-N-T-O-N Creek Drive and thats in McKinney 701 5072. All right, McKinney. All right, perfect. Ill go ahead and get you over to the scheduling team now and Ill send you a follow-up email as well with the contact information for the truck just in case you need that in the future. And if you dont mind, I did just send you a quick text as well just to rate my customer service. If you could click five stars, it would make my day. Oh, okay. And that trucks going to come here and shred them at my house, right? Correct, yep. Okay, excellent. Okay. All right, one moment, okay? Yep, thanks. Yep. Please continue to hold while we try to reach an operator. Thank you for calling Shred America. If you could wait on a brief hold, well be with you as soon as possible. Thanks. There is one caller ahead of you. You may press the star key at any time to leave a voicemail. Music to Shred 2 with your favorite from the 80s. What? I know, I dont either. Yeah, I dont like it either. Music to Shred 2. Right, if you love the 80s, youre going to love Music to Shred 2. All right, Jessica, it looks like theyre just on the other line with another customer. They will give you a call right back, okay? All right, thanks. All right, you have a good one. You too, bye.","DEFINITION: Did the agent ask multiple discovery questions to understand the  customer's needs? Examples of discovery questions: - How many boxes do you have? - What's your zip code? - Is this for business or residence? - When do you need service? - Do you have any electronics to destroy? SCORING OUTPUT FORMAT: { Discovery_float: 0.0,      # Agent asked X questions (0=none, 1.0=15+) No_discovery_float: 0.0,         # Agent didn't ask questions Unknown_float: 0.0            # Unclear if questions were asked } SCORING RULES: discovery_float (agent DID ask questions): - 0.0-0.2: Asked 0-2 questions (minimal) - 0.3-0.5: Asked 3-5 questions (some) - 0.6-0.8: Asked 6-10 questions (good) - 0.9-1.0: Asked 10+ questions (excellent) Not_discovery_float (agent did NOT ask questions): - 0.0-0.2: Asked plenty of questions (not dismissive) - 0.3-0.5: Asked some questions but could have asked more - 0.6-0.8: Asked very few questions - 0.9-1.0: Asked NO questions at all Unknown_float (unclear how many questions): - 0.0-0.2: Transcript clearly shows question count - 0.3-0.5: Some questions visible but transcript incomplete - 0.6+: Cannot determine from transcript EXAMPLE: Transcript: How many boxes? What zip? Business or residence? When needed? → Discovery_float: 0.9 (asked 4 clear questions) → No_discovery_float: 0.05 (agent was asking, not avoiding) → Unknown_float: 0.05 (very clear) → Sum: 1.0 ✓",disco,135,Discovery_float;No_discovery_float;Unknown_float
"Shred Nations, this is Kayla. Yeah, Kayla, my name is Lloyd Ternus. You called me a few minutes ago. Oh, yeah. Here, let me see if I can get you pulled up. Give me one second. Sure. And how many boxes do we have? Oh, God, I dont know. I mean, Ive still got to continue boxing them up for many, like at least 20. All right. So is that going to be your best estimate? Well, it is for now. I mean, until theyre boxing, I can give you an exact amount. Okay. Lets see here. So you want to get a quote for 20? Is that how much youll think youll have at the end? Yeah. And I would guess each one of them is probably, I dont know, 25 pounds maybe. Okay. Perfect. Theyre like bankers boxes? Yeah. Okay. And theyre at a business location in Salem? Yes. 1-0-1-9-7-0. All right. Let me see what I got for a truck. Nice. It looks like I do have three trucks that service the area. So youll get three quotes. You can go with whichever ones best for your budget as well as your schedule. Youll get two on-site quotes. Theyll come and shred on-site. And then one off-site quote. Theyll pick up the documents, shred them at their facility, and provide you with a certificate of destruction. That way you can kind of see what both of those prices look like. And the only thing I need is a good e-mail address, please, for the quotes. Sure. The e-mail address is L as in Larry, G as in girl, and then my last name, Ternes, T-E-R-N-E-S, at gmail.com. All right. Awesome. I will go ahead and get this over to the trucks. Theyll contact you directly for the quotes. Lets see. Okay. Perfect. And then Ill send you a follow-up e-mail with the contact information for each of them. That way if you need it in the future, you have it. And at the bottom of that e-mail, theres a little portion to rate my customer service. If you could click five stars, it would make my day. That would be great. Let me ask you one other question. I presume, irrespective of what method is used, I need to get all the boxes down to the ground floor. Is that correct? Im not getting any help in moving them. Is that correct? I dont see any notes here that they dont do stairs, so they might be helping you. They might be able to do that. Okay. All right. All right. Well, Ill wait to hear from them. All right. Thank you very much. Absolutely. You have a great day. Thank you, too. Bye now. Bye-bye. Bye-bye. Bye-bye.","DEFINITION: Did the agent ask multiple discovery questions to understand the  customer's needs? Examples of discovery questions: - How many boxes do you have? - What's your zip code? - Is this for business or residence? - When do you need service? - Do you have any electronics to destroy? SCORING OUTPUT FORMAT: { Discovery_float: 0.0,      # Agent asked X questions (0=none, 1.0=15+) No_discovery_float: 0.0,         # Agent didn't ask questions Unknown_float: 0.0            # Unclear if questions were asked } SCORING RULES: discovery_float (agent DID ask questions): - 0.0-0.2: Asked 0-2 questions (minimal) - 0.3-0.5: Asked 3-5 questions (some) - 0.6-0.8: Asked 6-10 questions (good) - 0.9-1.0: Asked 10+ questions (excellent) Not_discovery_float (agent did NOT ask questions): - 0.0-0.2: Asked plenty of questions (not dismissive) - 0.3-0.5: Asked some questions but could have asked more - 0.6-0.8: Asked very few questions - 0.9-1.0: Asked NO questions at all Unknown_float (unclear how many questions): - 0.0-0.2: Transcript clearly shows question count - 0.3-0.5: Some questions visible but transcript incomplete - 0.6+: Cannot determine from transcript EXAMPLE: Transcript: How many boxes? What zip? Business or residence? When needed? → Discovery_float: 0.9 (asked 4 clear questions) → No_discovery_float: 0.05 (agent was asking, not avoiding) → Unknown_float: 0.05 (very clear) → Sum: 1.0 ✓",disco,136,Discovery_float;No_discovery_float;Unknown_float
"Shred Nations, this is Kayla. Hey, Kayla. Its Mr. Mark Swider. I believe that I had you guys about three or four years ago. Do you guys come to the home? Yeah. Yeah, how many boxes or bags do you have? Probably a box, just one. But I didnt get shredded, and Im legally blind now. Okay. So I got to help her. And so is that your residence? And what postal code is that box located in? E3R1H3. E3R? B, as in Bravo. E3R? 1H3. 1H3. Okay. Let me see if Ive got a truck for you over there in Hale-Fax. Let me see. Oh, I dont need it today. I just want to get a... Yeah, so it looks like I do... Yeah, I do have a mobile truck that services that area. If youd like, I can confirm your contact info quick and have the pricing team give you a call back with a quote. Okay. All right. And whats your persons last name? Mark Swider. M-A-R-K. Uh-huh. And then how do I spell your last name, Mark? Mark? Like, Swider with a W. W-I-G-H-T-E-R? No, S-W-I-D-E-R. S-W-I-D-E-R? Correct. Okay. And then a good email address, please, for the truck? Sure. Its MarkASwider at gmail.com. Swider at gmail.com. Okay, perfect. I will go ahead and get this information over to the truck. Theyll give you a call back with a quote, and Ill send you a follow-up email with the direct phone number for the truck, just in case you need that in the future. And at the bottom of that email, theres a little... Okay, so I dont need that today. Are we clear on that? You dont need what? I dont need the trading services today. Okay, yep, absolutely. Yeah. All right. So I just get with our place. I think I told you guys before, it was like... Yeah. All right. So we have a good day, okay, Mark? Yep, theyre going to give you a call back. All right, good. All right, bye-bye. Bye-bye. Bye-bye. Bye-bye.","DEFINITION: Did the agent ask multiple discovery questions to understand the  customer's needs? Examples of discovery questions: - How many boxes do you have? - What's your zip code? - Is this for business or residence? - When do you need service? - Do you have any electronics to destroy? SCORING OUTPUT FORMAT: { Discovery_float: 0.0,      # Agent asked X questions (0=none, 1.0=15+) No_discovery_float: 0.0,         # Agent didn't ask questions Unknown_float: 0.0            # Unclear if questions were asked } SCORING RULES: discovery_float (agent DID ask questions): - 0.0-0.2: Asked 0-2 questions (minimal) - 0.3-0.5: Asked 3-5 questions (some) - 0.6-0.8: Asked 6-10 questions (good) - 0.9-1.0: Asked 10+ questions (excellent) Not_discovery_float (agent did NOT ask questions): - 0.0-0.2: Asked plenty of questions (not dismissive) - 0.3-0.5: Asked some questions but could have asked more - 0.6-0.8: Asked very few questions - 0.9-1.0: Asked NO questions at all Unknown_float (unclear how many questions): - 0.0-0.2: Transcript clearly shows question count - 0.3-0.5: Some questions visible but transcript incomplete - 0.6+: Cannot determine from transcript EXAMPLE: Transcript: How many boxes? What zip? Business or residence? When needed? → Discovery_float: 0.9 (asked 4 clear questions) → No_discovery_float: 0.05 (agent was asking, not avoiding) → Unknown_float: 0.05 (very clear) → Sum: 1.0 ✓",disco,137,Discovery_float;No_discovery_float;Unknown_float
"Shred Nations, this is Kayla. Hi, Kayla. I was wondering if I could get a quote from you all to come to an apartment complex. We have a bunch of papers we need shredded, about 30 bankers boxes. Yeah, totally. What zip code is that in? Its going to be 47906. Okay, let me see what I got for you here for a mobile truck. Nice, it looks like I do have a mobile truck that services the area. So if youd like, Ill just confirm your contact info quick and get you over to pricing for a quote. Great, thatd be great. Thank you. Awesome. Yeah, what is your first and last name? Cully, C-U-L-L-I, last name Crump, C-R-U-M-P. Okay, and the name of the business? Its going to be Fuse Apartments, F-U-S-E. And then a good email address, please, for the quote. C-C-R-U-M-P. C-R-U-M-P, at A-L-I-G-H-T, dash West Lafayette. Dash West Lafayette is L-A-F-A-Y-E-T-T-E, dot com. Dot com. All right, perfect. Ill go ahead and get you over to the pricing team now for that quote, and then Ill send you a follow-up email as well with the direct phone number for the truck, just in case you need that in the future. And at the bottom of that email, theres just a little portion to rate my customer service. If you could click five stars, it would make my day. Okay, great. Thank you so much. All right. Yeah, youre the best. One moment. Thank you for calling Shred America. If you could wait on a brief hold, well be with you as soon as possible. Thanks. You are the next caller in line. You may press the star key at any time to leave a voicemail. To request a callback, press 9. All right, it looks like theyre just on the other line with another customer right now. They will give you a callback as soon as theyre finished, okay? On this phone number? Yes, yep. Okay, all right, thank you. Absolutely, you have a great day. You too, bye-bye. Bye-bye.","DEFINITION: Did the agent ask multiple discovery questions to understand the  customer's needs? Examples of discovery questions: - How many boxes do you have? - What's your zip code? - Is this for business or residence? - When do you need service? - Do you have any electronics to destroy? SCORING OUTPUT FORMAT: { Discovery_float: 0.0,      # Agent asked X questions (0=none, 1.0=15+) No_discovery_float: 0.0,         # Agent didn't ask questions Unknown_float: 0.0            # Unclear if questions were asked } SCORING RULES: discovery_float (agent DID ask questions): - 0.0-0.2: Asked 0-2 questions (minimal) - 0.3-0.5: Asked 3-5 questions (some) - 0.6-0.8: Asked 6-10 questions (good) - 0.9-1.0: Asked 10+ questions (excellent) Not_discovery_float (agent did NOT ask questions): - 0.0-0.2: Asked plenty of questions (not dismissive) - 0.3-0.5: Asked some questions but could have asked more - 0.6-0.8: Asked very few questions - 0.9-1.0: Asked NO questions at all Unknown_float (unclear how many questions): - 0.0-0.2: Transcript clearly shows question count - 0.3-0.5: Some questions visible but transcript incomplete - 0.6+: Cannot determine from transcript EXAMPLE: Transcript: How many boxes? What zip? Business or residence? When needed? → Discovery_float: 0.9 (asked 4 clear questions) → No_discovery_float: 0.05 (agent was asking, not avoiding) → Unknown_float: 0.05 (very clear) → Sum: 1.0 ✓",disco,138,Discovery_float;No_discovery_float;Unknown_float
"Thank you for calling Shred Nations. This is Martin. How can I help you? Hi, Mark, you said? Martin, M-A-R-T-I-N. Hi. Hi, Martin. Forgive me. Im getting over sickness. Im calling to find out about your facility, is it? It would be medical shredding that I need. Yeah, absolutely. Is it a drop-off place? How many boxes of paper are you trying to shred all together, roughly? Well, right now were just using an in-house shredder, but they get tired after a while. So Im not sure to detect the amount. Are you looking for ongoing service or just a one-time shred? No, ongoing service, but were kind of in practice. Weve only been around. Just three years. So we dont have, like, you know, like gallons and gallons of paper. And we were just looking for drop-off services first. If youre looking for drop-off, I would refer you to the UPS store over there. Theyre going to charge you per pound. You could take up to 90 pounds of paper to them at a time. Usually they have you feed the paper a couple sheets at a time into a locked bin, I will say. So if you are needing. Like an ongoing service, we offer truck services that can put a bin at the business, and then they pick it up monthly, quarterly, weekly, whatever frequency you would need as well. And whats the minimum size for the pickup tray? The console, which is the smallest container they have, holds about four banker boxes worth of paper. Oh, thats probably good. And then how often would you think you need pickup service? Thats what well have to figure out. How do you charge then? Do you charge by the pickup services? Well, theyll put you on a schedule. Would you like a quote for maybe quarterly, bimonthly? I would say bimonthly. Bimonthly. All right, perfect. And then whats the zip code where you would need service? 34135. Thank you. I do have a couple. Oh, my goodness. I hate when I get sick. I cannot remember my own address. Im so sorry. No worries. Is it 134 or 1353? Thats what Im going to go check. Its on, I think its 134. Its on Bonita Beach Road on the beach side. I got you. Im looking it up. I feel so stupid all of a sudden. There it is. 34134, yes. Perfect. So I do have a couple of shutters that route there that frequently. What I can do is gather some. Contact information and the shredders would call you back with pricing and procedures if that is okay. Yes, please. What is the best callback number? This one, 239-672-9267. And your first and last name? Wanda, W-A-N-D-A, bar, be like boy, A-R-R. The name of the business itd be for? So we are, dont type this yet. We are at Downtown Doctor Care Corp, but were doing business as D-D-C Health Care. So if you go into the building, youre going to see D-D-C Health Care. Okay. Ill put that here to let them know. And last thing would be your email, please. Wanda at Downtown Doctor Care, C-A-R-E dot com. And doctor is spelled out? Yes, sorry. Okay. So Downtown Doctor Care dot com, sorry? Yes. Okay. What I will do right now is Ill email you the shredders phone number so youre aware of whos going to be in touch with you. And itll ask you to rate my service. If you have a second, Id appreciate you. And I hope you have a great rest of your day. Okay. Im not at my computer because Im just doing light work right now since Ive been sick. But I will gladly rate the call, Martin. I appreciate you. Hope you feel better. Hope you have a great day. Okay. When I get the email, itll have all the rates there? Theyre going to call you back most likely with pricing. So it shouldnt be too much longer for them to do so. The email that I send you just has their phone number so you do know who it is. Okay. Make sure that you let them know that if they dont reach me right away to leave me a message because I get a lot of bad calls and I block numbers if people dont leave me a message. Ill do that. Thank you. But I hope you feel better and have a great day. Okay. You too. Bye-bye. See you.","DEFINITION: Did the agent ask multiple discovery questions to understand the  customer's needs? Examples of discovery questions: - How many boxes do you have? - What's your zip code? - Is this for business or residence? - When do you need service? - Do you have any electronics to destroy? SCORING OUTPUT FORMAT: { Discovery_float: 0.0,      # Agent asked X questions (0=none, 1.0=15+) No_discovery_float: 0.0,         # Agent didn't ask questions Unknown_float: 0.0            # Unclear if questions were asked } SCORING RULES: discovery_float (agent DID ask questions): - 0.0-0.2: Asked 0-2 questions (minimal) - 0.3-0.5: Asked 3-5 questions (some) - 0.6-0.8: Asked 6-10 questions (good) - 0.9-1.0: Asked 10+ questions (excellent) Not_discovery_float (agent did NOT ask questions): - 0.0-0.2: Asked plenty of questions (not dismissive) - 0.3-0.5: Asked some questions but could have asked more - 0.6-0.8: Asked very few questions - 0.9-1.0: Asked NO questions at all Unknown_float (unclear how many questions): - 0.0-0.2: Transcript clearly shows question count - 0.3-0.5: Some questions visible but transcript incomplete - 0.6+: Cannot determine from transcript EXAMPLE: Transcript: How many boxes? What zip? Business or residence? When needed? → Discovery_float: 0.9 (asked 4 clear questions) → No_discovery_float: 0.05 (agent was asking, not avoiding) → Unknown_float: 0.05 (very clear) → Sum: 1.0 ✓",disco,139,Discovery_float;No_discovery_float;Unknown_float
Thank you for calling Shred Nations. This is Martin. How can I help? Hello? Hello?,"DEFINITION: Did the agent ask multiple discovery questions to understand the  customer's needs? Examples of discovery questions: - How many boxes do you have? - What's your zip code? - Is this for business or residence? - When do you need service? - Do you have any electronics to destroy? SCORING OUTPUT FORMAT: { Discovery_float: 0.0,      # Agent asked X questions (0=none, 1.0=15+) No_discovery_float: 0.0,         # Agent didn't ask questions Unknown_float: 0.0            # Unclear if questions were asked } SCORING RULES: discovery_float (agent DID ask questions): - 0.0-0.2: Asked 0-2 questions (minimal) - 0.3-0.5: Asked 3-5 questions (some) - 0.6-0.8: Asked 6-10 questions (good) - 0.9-1.0: Asked 10+ questions (excellent) Not_discovery_float (agent did NOT ask questions): - 0.0-0.2: Asked plenty of questions (not dismissive) - 0.3-0.5: Asked some questions but could have asked more - 0.6-0.8: Asked very few questions - 0.9-1.0: Asked NO questions at all Unknown_float (unclear how many questions): - 0.0-0.2: Transcript clearly shows question count - 0.3-0.5: Some questions visible but transcript incomplete - 0.6+: Cannot determine from transcript EXAMPLE: Transcript: How many boxes? What zip? Business or residence? When needed? → Discovery_float: 0.9 (asked 4 clear questions) → No_discovery_float: 0.05 (agent was asking, not avoiding) → Unknown_float: 0.05 (very clear) → Sum: 1.0 ✓",disco,140,Discovery_float;No_discovery_float;Unknown_float
"Hi, this is Katerina at Shred Nations. Can I help you? Hey, how you doing, Katerina? Hey. Im good. How are you? Im all right. I just spoke to Kayla. Yeah. And I think she probably took the number that I called her from and not the number that I need you guys to call. Oh, okay. Yeah, let me see. Okay. Yeah, this is D. Allen. Yes. Okay. Yeah. Let me, what number did you want for her to add in there? 216-299-9642. Okay. Ill make sure she updates that and sends it to the providers so they know to call you on that number. Okay? Hey, thank you. I appreciate it. Yep, not a problem. Have a good day.","DEFINITION: Did the agent ask multiple discovery questions to understand the  customer's needs? Examples of discovery questions: - How many boxes do you have? - What's your zip code? - Is this for business or residence? - When do you need service? - Do you have any electronics to destroy? SCORING OUTPUT FORMAT: { Discovery_float: 0.0,      # Agent asked X questions (0=none, 1.0=15+) No_discovery_float: 0.0,         # Agent didn't ask questions Unknown_float: 0.0            # Unclear if questions were asked } SCORING RULES: discovery_float (agent DID ask questions): - 0.0-0.2: Asked 0-2 questions (minimal) - 0.3-0.5: Asked 3-5 questions (some) - 0.6-0.8: Asked 6-10 questions (good) - 0.9-1.0: Asked 10+ questions (excellent) Not_discovery_float (agent did NOT ask questions): - 0.0-0.2: Asked plenty of questions (not dismissive) - 0.3-0.5: Asked some questions but could have asked more - 0.6-0.8: Asked very few questions - 0.9-1.0: Asked NO questions at all Unknown_float (unclear how many questions): - 0.0-0.2: Transcript clearly shows question count - 0.3-0.5: Some questions visible but transcript incomplete - 0.6+: Cannot determine from transcript EXAMPLE: Transcript: How many boxes? What zip? Business or residence? When needed? → Discovery_float: 0.9 (asked 4 clear questions) → No_discovery_float: 0.05 (agent was asking, not avoiding) → Unknown_float: 0.05 (very clear) → Sum: 1.0 ✓",disco,141,Discovery_float;No_discovery_float;Unknown_float
hi this is katarina with shred nations can i help you uh yeah i sent a package to be destroyed like last tuesday and or thursday and i just wondered like where it was in the process i hadnt heard anything on a package like at ups store yeah it was a laptop i got the tracking number and it says that it was received but i just didnt know like how long it took or so youve been you got routed to the corporate office for paper shredding but ill transfer you to the ups store whats your zip code so i can see which one is in your 64118 okay um were you trying to reach the one in kansas city on like north chatham avenue or the one on anatol the package said that it went to wisconsin oh okay so where did you send it out of though i sent it out of kansas city gladstone missouri okay im going to transfer you to the ups store and then theyre gonna they can hopefully help you with tracking that okay okay,"DEFINITION: Did the agent ask multiple discovery questions to understand the  customer's needs? Examples of discovery questions: - How many boxes do you have? - What's your zip code? - Is this for business or residence? - When do you need service? - Do you have any electronics to destroy? SCORING OUTPUT FORMAT: { Discovery_float: 0.0,      # Agent asked X questions (0=none, 1.0=15+) No_discovery_float: 0.0,         # Agent didn't ask questions Unknown_float: 0.0            # Unclear if questions were asked } SCORING RULES: discovery_float (agent DID ask questions): - 0.0-0.2: Asked 0-2 questions (minimal) - 0.3-0.5: Asked 3-5 questions (some) - 0.6-0.8: Asked 6-10 questions (good) - 0.9-1.0: Asked 10+ questions (excellent) Not_discovery_float (agent did NOT ask questions): - 0.0-0.2: Asked plenty of questions (not dismissive) - 0.3-0.5: Asked some questions but could have asked more - 0.6-0.8: Asked very few questions - 0.9-1.0: Asked NO questions at all Unknown_float (unclear how many questions): - 0.0-0.2: Transcript clearly shows question count - 0.3-0.5: Some questions visible but transcript incomplete - 0.6+: Cannot determine from transcript EXAMPLE: Transcript: How many boxes? What zip? Business or residence? When needed? → Discovery_float: 0.9 (asked 4 clear questions) → No_discovery_float: 0.05 (agent was asking, not avoiding) → Unknown_float: 0.05 (very clear) → Sum: 1.0 ✓",disco,142,Discovery_float;No_discovery_float;Unknown_float
"Hi, this is Katerina at Shred Nations. Can I help you? Hey, how you doing, Katerina? Hey. Im good. How are you? Im all right. I just spoke to Kayla. Yeah. And I think she probably took the number that I called her from and not the number that I need you guys to call. Oh, okay. Yeah, let me see. Okay. Yeah, this is D. Allen. Yes. Okay. Yeah. Let me, what number did you want for her to add in there? 216-299-9642. Okay. Ill make sure she updates that and sends it to the providers so they know to call you on that number. Okay? Hey, thank you. I appreciate it. Yep, not a problem. Have a good day.","DEFINITION: Did the agent ask multiple discovery questions to understand the  customer's needs? Examples of discovery questions: - How many boxes do you have? - What's your zip code? - Is this for business or residence? - When do you need service? - Do you have any electronics to destroy? SCORING OUTPUT FORMAT: { Discovery_float: 0.0,      # Agent asked X questions (0=none, 1.0=15+) No_discovery_float: 0.0,         # Agent didn't ask questions Unknown_float: 0.0            # Unclear if questions were asked } SCORING RULES: discovery_float (agent DID ask questions): - 0.0-0.2: Asked 0-2 questions (minimal) - 0.3-0.5: Asked 3-5 questions (some) - 0.6-0.8: Asked 6-10 questions (good) - 0.9-1.0: Asked 10+ questions (excellent) Not_discovery_float (agent did NOT ask questions): - 0.0-0.2: Asked plenty of questions (not dismissive) - 0.3-0.5: Asked some questions but could have asked more - 0.6-0.8: Asked very few questions - 0.9-1.0: Asked NO questions at all Unknown_float (unclear how many questions): - 0.0-0.2: Transcript clearly shows question count - 0.3-0.5: Some questions visible but transcript incomplete - 0.6+: Cannot determine from transcript EXAMPLE: Transcript: How many boxes? What zip? Business or residence? When needed? → Discovery_float: 0.9 (asked 4 clear questions) → No_discovery_float: 0.05 (agent was asking, not avoiding) → Unknown_float: 0.05 (very clear) → Sum: 1.0 ✓",disco,143,Discovery_float;No_discovery_float;Unknown_float
"Shred Nations, this is Kayla. Yes, I am looking to get shredding service at my office location. Yeah, are you looking for ongoing service or one-time purge? Ongoing, please. Okay, and are we looking for weekly, biweekly, monthly? I think monthly is good. All right, perfect. And what zip code is that in? It is 28215. 28215. All right. And we have two sizes. We have a console, which holds up to four boxes of paper, or we have a rolling bin that holds up to ten. No, we dont need the four boxes. Okay, just one of the smaller consoles. Okay, cool. All right, let me see. Nice, looks like I have two providers I can quote you out on this. You can go with whichever one is best. Im just going to confirm your contact info quick. What is your first and last name? Stephanie Deer. S-T-E-P. S-T-E-P-H-A-N-I-E? Yes. And your last name? Its Deener. D-I-E-N-E-R. Perfect. Whats the name of the business? Deener Law. D-I-E-N-E-R, and then L-A-W, P-A. Okay. P-A? Yeah. Okay, lets see. Cool. And then lastly, I just need a good email address, please, for the quotes. Stephanie at DeenerLaw.net. Stephanie. At D-I-E-N-E-R-Law.net. Cool. Ill go ahead and get this information over to those two providers. Youll get the two different quotes. You can go with whichever ones best. And then Ill send you a follow-up email right now with the contact information for both of them. That way, if you need it in the future, you have it. And at the bottom of my email, theres just a little portion to rate my customer service. If you could click five stars, it would make my day. Okay. Thank you. Thank you so much. You have a great day. You too. Bye-bye. Bye-bye.","DEFINITION: Did the agent ask multiple discovery questions to understand the  customer's needs? Examples of discovery questions: - How many boxes do you have? - What's your zip code? - Is this for business or residence? - When do you need service? - Do you have any electronics to destroy? SCORING OUTPUT FORMAT: { Discovery_float: 0.0,      # Agent asked X questions (0=none, 1.0=15+) No_discovery_float: 0.0,         # Agent didn't ask questions Unknown_float: 0.0            # Unclear if questions were asked } SCORING RULES: discovery_float (agent DID ask questions): - 0.0-0.2: Asked 0-2 questions (minimal) - 0.3-0.5: Asked 3-5 questions (some) - 0.6-0.8: Asked 6-10 questions (good) - 0.9-1.0: Asked 10+ questions (excellent) Not_discovery_float (agent did NOT ask questions): - 0.0-0.2: Asked plenty of questions (not dismissive) - 0.3-0.5: Asked some questions but could have asked more - 0.6-0.8: Asked very few questions - 0.9-1.0: Asked NO questions at all Unknown_float (unclear how many questions): - 0.0-0.2: Transcript clearly shows question count - 0.3-0.5: Some questions visible but transcript incomplete - 0.6+: Cannot determine from transcript EXAMPLE: Transcript: How many boxes? What zip? Business or residence? When needed? → Discovery_float: 0.9 (asked 4 clear questions) → No_discovery_float: 0.05 (agent was asking, not avoiding) → Unknown_float: 0.05 (very clear) → Sum: 1.0 ✓",disco,144,Discovery_float;No_discovery_float;Unknown_float
"Hi, this is Katarina at Shred Nations. Can I help you? Yeah, I have like three boxes of old bills and stuff we need to get shredded. I was just wondering what the cost is and if we can just drop them off or what do we need to do? Whats your zip code, please? 30040. 30040. So we have two options. The UPS store is a drop-off. Their max amount they can take is three boxes. And thats assuming that their bins are empty. More often than not, they dont have enough room for that. Thats just the amount they have before they turn people away. I do have the option of a mobile truck service that can come out to you and shred everything at your house on a scheduled date. They run on like a flat fee. So UPS charges per pound. I dont know the exact pricing per pound. I know its between $1 to $2 a pound. The truck service. I would have to have him reach out to you directly. I can transfer you over to him to get you a quote while I have you on the phone. Do you have like a general idea? Were talking a couple hundred dollars at least, right? It ranges from like $100 to $195. No more than $200. Thats at the very most. I mean, thats at the very most. Okay. Ill call the UPS store and work with them. If we got to do it in stages, well do it in stages. Would you like me to transfer you to the UPS store? Yeah, sure. Thatd be great. Okay. Im going to transfer you to one on Bethelview Road in Cunningham. Or Cunningham, excuse me. Okay. Okay. Thanks. Yep. One second. Yep. Yep. Yep.","DEFINITION: Did the agent ask multiple discovery questions to understand the  customer's needs? Examples of discovery questions: - How many boxes do you have? - What's your zip code? - Is this for business or residence? - When do you need service? - Do you have any electronics to destroy? SCORING OUTPUT FORMAT: { Discovery_float: 0.0,      # Agent asked X questions (0=none, 1.0=15+) No_discovery_float: 0.0,         # Agent didn't ask questions Unknown_float: 0.0            # Unclear if questions were asked } SCORING RULES: discovery_float (agent DID ask questions): - 0.0-0.2: Asked 0-2 questions (minimal) - 0.3-0.5: Asked 3-5 questions (some) - 0.6-0.8: Asked 6-10 questions (good) - 0.9-1.0: Asked 10+ questions (excellent) Not_discovery_float (agent did NOT ask questions): - 0.0-0.2: Asked plenty of questions (not dismissive) - 0.3-0.5: Asked some questions but could have asked more - 0.6-0.8: Asked very few questions - 0.9-1.0: Asked NO questions at all Unknown_float (unclear how many questions): - 0.0-0.2: Transcript clearly shows question count - 0.3-0.5: Some questions visible but transcript incomplete - 0.6+: Cannot determine from transcript EXAMPLE: Transcript: How many boxes? What zip? Business or residence? When needed? → Discovery_float: 0.9 (asked 4 clear questions) → No_discovery_float: 0.05 (agent was asking, not avoiding) → Unknown_float: 0.05 (very clear) → Sum: 1.0 ✓",disco,145,Discovery_float;No_discovery_float;Unknown_float
"Thank you for calling Shred Nations. This is Martin. How can I help? Good morning. Martin, good morning. This is Michelle. I am calling. I called last week to get a quote on getting some documents shredded. Yeah. How many boxes of paper are you trying to shred roughly? Its going to be about 10. 10. And the zip code where they would be? 79763. At a residence or business there? Its a business. All right. So for this, we would have a truck service that goes to you and shreds on site. Could I gather some contact information and have them call you back with pricing and available dates? Thats what I was going to ask you. Who would be the company thats going to call me back? Itll be in your email after Im done gathering your information so youre aware of whos calling you. Okay. So you need my email? Ill gather your info, yeah. Whats the best callback number? Its 432-337-2671. 432-337-2671, did you say? Mm-hmm. All right. Perfect. Your first and last name? Its Michelle. Uh-huh. Adame. Adame. A-D-A-M-E? A-D-A-M-E. M-E, yeah. Sorry about that. And then the name of the business? Landmark Apartments. And last thing would be the email? Its Michelle. Its M-I-C-H-E-L-L-E dot Adame, A-D-A-M-E at... C-C-I-N-V as in Victor, E-S as in Sam, T dot com. Dot com. So that is first name dot last name at ccinvest.com? Yes. Perfect. I will email you there the information of the shredder so youre aware of who will call you. Youll get two quotes to work with. Go with the best option, and itll ask you to rate my service. Again, my name is Martin. Id appreciate you and hope you have a great rest of your day. Your name is Mark? Martin, M-A-R-T-I-N. Okay. Okay. Thank you. Absolutely. Bye.","DEFINITION: Did the agent ask multiple discovery questions to understand the  customer's needs? Examples of discovery questions: - How many boxes do you have? - What's your zip code? - Is this for business or residence? - When do you need service? - Do you have any electronics to destroy? SCORING OUTPUT FORMAT: { Discovery_float: 0.0,      # Agent asked X questions (0=none, 1.0=15+) No_discovery_float: 0.0,         # Agent didn't ask questions Unknown_float: 0.0            # Unclear if questions were asked } SCORING RULES: discovery_float (agent DID ask questions): - 0.0-0.2: Asked 0-2 questions (minimal) - 0.3-0.5: Asked 3-5 questions (some) - 0.6-0.8: Asked 6-10 questions (good) - 0.9-1.0: Asked 10+ questions (excellent) Not_discovery_float (agent did NOT ask questions): - 0.0-0.2: Asked plenty of questions (not dismissive) - 0.3-0.5: Asked some questions but could have asked more - 0.6-0.8: Asked very few questions - 0.9-1.0: Asked NO questions at all Unknown_float (unclear how many questions): - 0.0-0.2: Transcript clearly shows question count - 0.3-0.5: Some questions visible but transcript incomplete - 0.6+: Cannot determine from transcript EXAMPLE: Transcript: How many boxes? What zip? Business or residence? When needed? → Discovery_float: 0.9 (asked 4 clear questions) → No_discovery_float: 0.05 (agent was asking, not avoiding) → Unknown_float: 0.05 (very clear) → Sum: 1.0 ✓",disco,146,Discovery_float;No_discovery_float;Unknown_float
"Hi Kayla, this is Sandra and Im looking online and Ive been looking for a shredding location in Lincoln and Ive never used one before. Can you update me whether I can just bring things in in boxes? Yeah, how many boxes or bags do you have? Oh probably, hmm, theyre fairly big but theres probably about six or seven. Six or seven, okay. But I can bring them, you dont have to bring them all at once. Okay, let me see here. And so for that amount, it would be a mobile truck that comes out to your location and shreds on site. Lets see, and what zip code is that in? Zip code 506, but today Im just calling for information. Okay, I was just going to see if I could get you a quote for the truck. Oh yeah, or can I just bring a box at a time? If you have one to three boxes. Less than 90 pounds. Yes, and that would be at the UPS store. Okay, UPS compared to FedEx. Is that the same thing, FedEx and UPS? Im not sure what FedEx does. UPS is in our network. Im not sure for UPS. Okay, now Im getting more confused. So I look up UPS stores online and Ill be able to find one that I can drop this off, right? Yep, exactly. And is there a charge? Yep, youre going to have to contact them directly for the charge. Otherwise, I can transfer you over right now. Well, I guess, so this address is shown. Thats the UPS store, yep. Oh, that is the UPS store. Okay, $3,900. I can get you over to them for pricing if youd like. Yeah, thatd be good. Thank you. Yep.","DEFINITION: Did the agent ask multiple discovery questions to understand the  customer's needs? Examples of discovery questions: - How many boxes do you have? - What's your zip code? - Is this for business or residence? - When do you need service? - Do you have any electronics to destroy? SCORING OUTPUT FORMAT: { Discovery_float: 0.0,      # Agent asked X questions (0=none, 1.0=15+) No_discovery_float: 0.0,         # Agent didn't ask questions Unknown_float: 0.0            # Unclear if questions were asked } SCORING RULES: discovery_float (agent DID ask questions): - 0.0-0.2: Asked 0-2 questions (minimal) - 0.3-0.5: Asked 3-5 questions (some) - 0.6-0.8: Asked 6-10 questions (good) - 0.9-1.0: Asked 10+ questions (excellent) Not_discovery_float (agent did NOT ask questions): - 0.0-0.2: Asked plenty of questions (not dismissive) - 0.3-0.5: Asked some questions but could have asked more - 0.6-0.8: Asked very few questions - 0.9-1.0: Asked NO questions at all Unknown_float (unclear how many questions): - 0.0-0.2: Transcript clearly shows question count - 0.3-0.5: Some questions visible but transcript incomplete - 0.6+: Cannot determine from transcript EXAMPLE: Transcript: How many boxes? What zip? Business or residence? When needed? → Discovery_float: 0.9 (asked 4 clear questions) → No_discovery_float: 0.05 (agent was asking, not avoiding) → Unknown_float: 0.05 (very clear) → Sum: 1.0 ✓",disco,147,Discovery_float;No_discovery_float;Unknown_float
"Thank you for calling Shred Nations. This is Martin. How can I help? Hey, Martin. I am calling to get some information. We were looking at your website and noticed that you guys had some weekend hours and that you were located here in Finley. Do you guys come and pick up? If youre looking for the truck service, I believe they are Monday through Friday. You could drop off at the UPS store during the weekend when theyre open. But for the truck, it is Monday through Friday. Oh, this is the UPS store? That is where we refer drop off, correct? Otherwise, we offer trucks that go to you. Well, we have a bulk amount of shredding that needs done. Were an accounting office. Gotcha. And we have probably 40 boxes of documents that need to be shredded. We would need those picked up. But we would need kind of a specific time because we work right, our office is right beside Marathon. And were in an alley, so we cant block it for too long. I got you. And whats the zip code where the boxes would be? 45840. So I do have a truck service out there. They would give you a quote for the 40 boxes. I can gather some contact information and the shredders are going to call you back with pricing and available dates if thats okay. Okay. What is the best callback number? 419-423-3109. 3109. Your first and last name? Well, it would be for Jeff Fossey. B-O-S-S-E. And then whats the last name, sorry? B-O-S-S-E. Thank you. And then did you say Jesse first name, sorry? Jeff. Jeff. J-E-F-F. Oh, Jeff. Thank you. And then whats the name of the business? Fossey Financial Services. Okay. And then last thing would be your email. B as in boy, O, S as in Sam. F-I-N-S-V-C at bright.net. Ive got to get my keys. Bright.net, correct? Yeah. C-R-I-T-H-T. Ill email you right now the information of the shredder so you know whos going to call you. Youll get two quotes to work with. Go with the best option, and I hope you have a great rest of your day. Thank you so much. Take care. Bye.","DEFINITION: Did the agent ask multiple discovery questions to understand the  customer's needs? Examples of discovery questions: - How many boxes do you have? - What's your zip code? - Is this for business or residence? - When do you need service? - Do you have any electronics to destroy? SCORING OUTPUT FORMAT: { Discovery_float: 0.0,      # Agent asked X questions (0=none, 1.0=15+) No_discovery_float: 0.0,         # Agent didn't ask questions Unknown_float: 0.0            # Unclear if questions were asked } SCORING RULES: discovery_float (agent DID ask questions): - 0.0-0.2: Asked 0-2 questions (minimal) - 0.3-0.5: Asked 3-5 questions (some) - 0.6-0.8: Asked 6-10 questions (good) - 0.9-1.0: Asked 10+ questions (excellent) Not_discovery_float (agent did NOT ask questions): - 0.0-0.2: Asked plenty of questions (not dismissive) - 0.3-0.5: Asked some questions but could have asked more - 0.6-0.8: Asked very few questions - 0.9-1.0: Asked NO questions at all Unknown_float (unclear how many questions): - 0.0-0.2: Transcript clearly shows question count - 0.3-0.5: Some questions visible but transcript incomplete - 0.6+: Cannot determine from transcript EXAMPLE: Transcript: How many boxes? What zip? Business or residence? When needed? → Discovery_float: 0.9 (asked 4 clear questions) → No_discovery_float: 0.05 (agent was asking, not avoiding) → Unknown_float: 0.05 (very clear) → Sum: 1.0 ✓",disco,148,Discovery_float;No_discovery_float;Unknown_float
"Shred Nations, this is Kayla. Hey, Kayla, I got a question. I have some, oh, its probably going to be about three or four boxes of some stuff Id like to get shredded, like old bills and whatnot. What is the process of getting that done? Yeah, so if you wanted to witness the shredding, it would be a mobile truck that comes out to your location and shreds on site. Otherwise, if you do not need to witness it, the UPS store over on North Conestore Street, they can take up to three boxes, and theyll charge by the pound. Charge by the pound, okay. So I just take it in there, and then what happens then once I drop it off? You would feed it into a locked bin. And then you guys would come shred it there? Yeah, whenever the bin is full, it would be shredded. And then how much? What should they charge per pound, do you know? I do not. Each store sets their own pricing. Gotcha. Okay, so the UPS store. Got it. Thank you very much. Yeah, absolutely.","DEFINITION: Did the agent ask multiple discovery questions to understand the  customer's needs? Examples of discovery questions: - How many boxes do you have? - What's your zip code? - Is this for business or residence? - When do you need service? - Do you have any electronics to destroy? SCORING OUTPUT FORMAT: { Discovery_float: 0.0,      # Agent asked X questions (0=none, 1.0=15+) No_discovery_float: 0.0,         # Agent didn't ask questions Unknown_float: 0.0            # Unclear if questions were asked } SCORING RULES: discovery_float (agent DID ask questions): - 0.0-0.2: Asked 0-2 questions (minimal) - 0.3-0.5: Asked 3-5 questions (some) - 0.6-0.8: Asked 6-10 questions (good) - 0.9-1.0: Asked 10+ questions (excellent) Not_discovery_float (agent did NOT ask questions): - 0.0-0.2: Asked plenty of questions (not dismissive) - 0.3-0.5: Asked some questions but could have asked more - 0.6-0.8: Asked very few questions - 0.9-1.0: Asked NO questions at all Unknown_float (unclear how many questions): - 0.0-0.2: Transcript clearly shows question count - 0.3-0.5: Some questions visible but transcript incomplete - 0.6+: Cannot determine from transcript EXAMPLE: Transcript: How many boxes? What zip? Business or residence? When needed? → Discovery_float: 0.9 (asked 4 clear questions) → No_discovery_float: 0.05 (agent was asking, not avoiding) → Unknown_float: 0.05 (very clear) → Sum: 1.0 ✓",disco,149,Discovery_float;No_discovery_float;Unknown_float
hi thank you for calling shred nations this is kaylee how can i help you hi kaylee um i have a quick question when you do shredding can you um have uh the metal folders in there or do they need to be taken out the hanging folders no you can leave any any of the hanging folders theres no hard metals like the big black binder clips but like paper clips staples any of the hanging files if theyre like industrial size hanging file folders those have to come out but just the typical ones that you see like in a doctors or dentists office those can stay in those can stay in okay great because im just going through everything and im saying oh these are all in hanging folders do i have to take them all out yeah no you youll be fine okay thank you so much for your help thanks anytime take care bye,"DEFINITION: Did the agent ask multiple discovery questions to understand the  customer's needs? Examples of discovery questions: - How many boxes do you have? - What's your zip code? - Is this for business or residence? - When do you need service? - Do you have any electronics to destroy? SCORING OUTPUT FORMAT: { Discovery_float: 0.0,      # Agent asked X questions (0=none, 1.0=15+) No_discovery_float: 0.0,         # Agent didn't ask questions Unknown_float: 0.0            # Unclear if questions were asked } SCORING RULES: discovery_float (agent DID ask questions): - 0.0-0.2: Asked 0-2 questions (minimal) - 0.3-0.5: Asked 3-5 questions (some) - 0.6-0.8: Asked 6-10 questions (good) - 0.9-1.0: Asked 10+ questions (excellent) Not_discovery_float (agent did NOT ask questions): - 0.0-0.2: Asked plenty of questions (not dismissive) - 0.3-0.5: Asked some questions but could have asked more - 0.6-0.8: Asked very few questions - 0.9-1.0: Asked NO questions at all Unknown_float (unclear how many questions): - 0.0-0.2: Transcript clearly shows question count - 0.3-0.5: Some questions visible but transcript incomplete - 0.6+: Cannot determine from transcript EXAMPLE: Transcript: How many boxes? What zip? Business or residence? When needed? → Discovery_float: 0.9 (asked 4 clear questions) → No_discovery_float: 0.05 (agent was asking, not avoiding) → Unknown_float: 0.05 (very clear) → Sum: 1.0 ✓",disco,150,Discovery_float;No_discovery_float;Unknown_float
"Shred Nation, this is Kayla. Yes, hi. My name is Irene Gendera, and Im looking to shred a couple of big boxes of my home documents. I live in Newburgh, New York. Whats the zip code there? 1-2-5-5-0. All right, perfect. And how many boxes do you have, and how big are they? Well, lets see. I have two boxes. I dont know the exact size, but... Are they about the size of a bankers box, or are they bigger? No, theyre bigger, about twice the size of that. The length, theyre longer, and theyre probably about as high. Okay, cool. So it looks like I do have a mobile truck that services that area. If youd like, I can confirm your contact info and get you over to the pricing team for a quote. Sure. Okay. And what is your first and last name? Irene. And last name is G-I-R-E-N-E. Mm-hmm. Okay. And my last name is Gindara, G-I-N-D-E-R-A. Perfect. Whats a good email address, please, for the truck? Do I have to give you the email address, because I dont want a bunch of stuff coming through my email? Yeah, its just so that I can send you the direct phone number for the truck, just in case you need it in the future. Its better to... You have your email for the truck, but if you really, really dont want to, you dont need to. Yeah, let me ask you this. Im leaving Thursday morning for about a week, and Ive been cleaning out all my paperwork, and Id really like to get rid of all this stuff before I leave. Is there a possibility that I can have it shredded either today or tomorrow? Looking for a service before Thursday. It looks like theyre pretty close to you. The truck does run on a route, but when I get you over to the pricing team right now, if you like the quote, you can... Go ahead and ask if you can get in before Thursday. It looks like you should be able to. Yeah, I mean, I dont mind bringing it to someone. They dont actually have to come to my home. Thats... Unless theyre going right by, but thats fine. I can just bring it to wherever they are. Okay. All right. One moment, okay? Sure. Thank you. Yep. Thank you for calling Legal Shred. Please press 1 for current customers. Press 2. A Legal Shred sales representative will be with you in a moment. Thank you for calling. Legal Shred, where we put the confidence in confidential. A Legal Shred representative will return to your call shortly. You can find us on the web at any time at legalshred.com. Whether you have one box or thousands, Legal Shred can customize a shredding solution to fit your needs. Thank you for your interest in Legal Shred. Well be right back to assist you. At Legal Shred, we offer both mobile and off-site shredding. All of our agents are busy helping other customers. At the tone, please record your message. When youve finished recording, you may hang up or press the bell. Okay, Irene. It looks like theyre just on the other line with another customer right now. They will give you a call back as soon as theyre finished. Okay. Very good. Thank you. All right. Yep. You have a great day. Thank you. Bye-bye. Bye-bye. You too. Thank you.","DEFINITION: Did the agent ask multiple discovery questions to understand the  customer's needs? Examples of discovery questions: - How many boxes do you have? - What's your zip code? - Is this for business or residence? - When do you need service? - Do you have any electronics to destroy? SCORING OUTPUT FORMAT: { Discovery_float: 0.0,      # Agent asked X questions (0=none, 1.0=15+) No_discovery_float: 0.0,         # Agent didn't ask questions Unknown_float: 0.0            # Unclear if questions were asked } SCORING RULES: discovery_float (agent DID ask questions): - 0.0-0.2: Asked 0-2 questions (minimal) - 0.3-0.5: Asked 3-5 questions (some) - 0.6-0.8: Asked 6-10 questions (good) - 0.9-1.0: Asked 10+ questions (excellent) Not_discovery_float (agent did NOT ask questions): - 0.0-0.2: Asked plenty of questions (not dismissive) - 0.3-0.5: Asked some questions but could have asked more - 0.6-0.8: Asked very few questions - 0.9-1.0: Asked NO questions at all Unknown_float (unclear how many questions): - 0.0-0.2: Transcript clearly shows question count - 0.3-0.5: Some questions visible but transcript incomplete - 0.6+: Cannot determine from transcript EXAMPLE: Transcript: How many boxes? What zip? Business or residence? When needed? → Discovery_float: 0.9 (asked 4 clear questions) → No_discovery_float: 0.05 (agent was asking, not avoiding) → Unknown_float: 0.05 (very clear) → Sum: 1.0 ✓",disco,151,Discovery_float;No_discovery_float;Unknown_float
"Hi, I want to check with you whether you accept donations of the medical items? No, we do sharps disposal and medical waste disposal. If youre looking for a donation, I would maybe reach out to, like, your local Boys and Girls Home or even the Goodwill. Okay, sure. Thank you. Yep, have a great day. Bye. Bye.","DEFINITION: Did the agent ask multiple discovery questions to understand the  customer's needs? Examples of discovery questions: - How many boxes do you have? - What's your zip code? - Is this for business or residence? - When do you need service? - Do you have any electronics to destroy? SCORING OUTPUT FORMAT: { Discovery_float: 0.0,      # Agent asked X questions (0=none, 1.0=15+) No_discovery_float: 0.0,         # Agent didn't ask questions Unknown_float: 0.0            # Unclear if questions were asked } SCORING RULES: discovery_float (agent DID ask questions): - 0.0-0.2: Asked 0-2 questions (minimal) - 0.3-0.5: Asked 3-5 questions (some) - 0.6-0.8: Asked 6-10 questions (good) - 0.9-1.0: Asked 10+ questions (excellent) Not_discovery_float (agent did NOT ask questions): - 0.0-0.2: Asked plenty of questions (not dismissive) - 0.3-0.5: Asked some questions but could have asked more - 0.6-0.8: Asked very few questions - 0.9-1.0: Asked NO questions at all Unknown_float (unclear how many questions): - 0.0-0.2: Transcript clearly shows question count - 0.3-0.5: Some questions visible but transcript incomplete - 0.6+: Cannot determine from transcript EXAMPLE: Transcript: How many boxes? What zip? Business or residence? When needed? → Discovery_float: 0.9 (asked 4 clear questions) → No_discovery_float: 0.05 (agent was asking, not avoiding) → Unknown_float: 0.05 (very clear) → Sum: 1.0 ✓",disco,152,Discovery_float;No_discovery_float;Unknown_float
"Ms. Rednations, this is Kayla. Yes, Im calling to find out your fees. Yeah, how many boxes or bags do we have? Are you looking for an ongoing service for a business? Not an ongoing, just for a business. Just a one-time purge then? Yes. Okay, and how many boxes do we have? One. One box? One small box, yes. Okay, and what zip code is that in? 29445. Okay, so if you dont need to witness the shredding, you can take it to the UPS store over on St. James Avenue. They can take up to three boxes. Theyll charge by the pound. Otherwise, with us, its going to be a mobile truck that comes out and shreds on site, and theyll take anywhere from one to nine boxes for a flat rate of $155. You said one to how many, nine boxes? One to nine boxes, yep, for a flat rate of $155. Or you can go to the UPS store. Yes. Thats on St. James. St. James? Yep. Okay. Thank you, maam. Thats all I need to know. Absolutely. Have a great day. Have a great day.","DEFINITION: Did the agent ask multiple discovery questions to understand the  customer's needs? Examples of discovery questions: - How many boxes do you have? - What's your zip code? - Is this for business or residence? - When do you need service? - Do you have any electronics to destroy? SCORING OUTPUT FORMAT: { Discovery_float: 0.0,      # Agent asked X questions (0=none, 1.0=15+) No_discovery_float: 0.0,         # Agent didn't ask questions Unknown_float: 0.0            # Unclear if questions were asked } SCORING RULES: discovery_float (agent DID ask questions): - 0.0-0.2: Asked 0-2 questions (minimal) - 0.3-0.5: Asked 3-5 questions (some) - 0.6-0.8: Asked 6-10 questions (good) - 0.9-1.0: Asked 10+ questions (excellent) Not_discovery_float (agent did NOT ask questions): - 0.0-0.2: Asked plenty of questions (not dismissive) - 0.3-0.5: Asked some questions but could have asked more - 0.6-0.8: Asked very few questions - 0.9-1.0: Asked NO questions at all Unknown_float (unclear how many questions): - 0.0-0.2: Transcript clearly shows question count - 0.3-0.5: Some questions visible but transcript incomplete - 0.6+: Cannot determine from transcript EXAMPLE: Transcript: How many boxes? What zip? Business or residence? When needed? → Discovery_float: 0.9 (asked 4 clear questions) → No_discovery_float: 0.05 (agent was asking, not avoiding) → Unknown_float: 0.05 (very clear) → Sum: 1.0 ✓",disco,153,Discovery_float;No_discovery_float;Unknown_float
hi this is katarina with shred nations can i help you uh yeah i sent a package to be destroyed like last tuesday and or thursday and i just wondered like where it was in the process i hadnt heard anything on a package like at ups store yeah it was a laptop i got the tracking number and it says that it was received but i just didnt know like how long it took or so youve been you got routed to the corporate office for paper shredding but ill transfer you to the ups store whats your zip code so i can see which one is in your 64118 okay um were you trying to reach the one in kansas city on like north chatham avenue or the one on anatol the package said that it went to wisconsin oh okay so where did you send it out of though i sent it out of kansas city gladstone missouri okay im going to transfer you to the ups store and then theyre gonna they can hopefully help you with tracking that okay okay,"DEFINITION: Did the agent ask multiple discovery questions to understand the  customer's needs? Examples of discovery questions: - How many boxes do you have? - What's your zip code? - Is this for business or residence? - When do you need service? - Do you have any electronics to destroy? SCORING OUTPUT FORMAT: { Discovery_float: 0.0,      # Agent asked X questions (0=none, 1.0=15+) No_discovery_float: 0.0,         # Agent didn't ask questions Unknown_float: 0.0            # Unclear if questions were asked } SCORING RULES: discovery_float (agent DID ask questions): - 0.0-0.2: Asked 0-2 questions (minimal) - 0.3-0.5: Asked 3-5 questions (some) - 0.6-0.8: Asked 6-10 questions (good) - 0.9-1.0: Asked 10+ questions (excellent) Not_discovery_float (agent did NOT ask questions): - 0.0-0.2: Asked plenty of questions (not dismissive) - 0.3-0.5: Asked some questions but could have asked more - 0.6-0.8: Asked very few questions - 0.9-1.0: Asked NO questions at all Unknown_float (unclear how many questions): - 0.0-0.2: Transcript clearly shows question count - 0.3-0.5: Some questions visible but transcript incomplete - 0.6+: Cannot determine from transcript EXAMPLE: Transcript: How many boxes? What zip? Business or residence? When needed? → Discovery_float: 0.9 (asked 4 clear questions) → No_discovery_float: 0.05 (agent was asking, not avoiding) → Unknown_float: 0.05 (very clear) → Sum: 1.0 ✓",disco,154,Discovery_float;No_discovery_float;Unknown_float
hi this is katarina with shred nations can i help you hi katarina um we can just see i was looking to see if i could be connected with whoever handles any shipping operations that you guys handle um so you actually routed to the corporate office for paper shredding company but i can send you to the ups or whats your whats your zip code um well im im actually a logistics broker so i could help with any if you guys have any freight that you handle i dont know if you have any large scale yeah we dont do that yeah we dont on our end i can transfer to the ups store i dont know if they do um no thats fine its okay i know they probably mostly just do small parcels yeah we dont yeah were a third party referral system for paper shredding gotcha okay i see well then thank you and its your time yep uh-huh have a good day bye,"DEFINITION: Did the agent ask multiple discovery questions to understand the  customer's needs? Examples of discovery questions: - How many boxes do you have? - What's your zip code? - Is this for business or residence? - When do you need service? - Do you have any electronics to destroy? SCORING OUTPUT FORMAT: { Discovery_float: 0.0,      # Agent asked X questions (0=none, 1.0=15+) No_discovery_float: 0.0,         # Agent didn't ask questions Unknown_float: 0.0            # Unclear if questions were asked } SCORING RULES: discovery_float (agent DID ask questions): - 0.0-0.2: Asked 0-2 questions (minimal) - 0.3-0.5: Asked 3-5 questions (some) - 0.6-0.8: Asked 6-10 questions (good) - 0.9-1.0: Asked 10+ questions (excellent) Not_discovery_float (agent did NOT ask questions): - 0.0-0.2: Asked plenty of questions (not dismissive) - 0.3-0.5: Asked some questions but could have asked more - 0.6-0.8: Asked very few questions - 0.9-1.0: Asked NO questions at all Unknown_float (unclear how many questions): - 0.0-0.2: Transcript clearly shows question count - 0.3-0.5: Some questions visible but transcript incomplete - 0.6+: Cannot determine from transcript EXAMPLE: Transcript: How many boxes? What zip? Business or residence? When needed? → Discovery_float: 0.9 (asked 4 clear questions) → No_discovery_float: 0.05 (agent was asking, not avoiding) → Unknown_float: 0.05 (very clear) → Sum: 1.0 ✓",disco,155,Discovery_float;No_discovery_float;Unknown_float
"Shred Nations, this is Kayla. Hi, Kayla. Good morning. I have one time shredding about between one to two bins, you know, the big bins. Like the big garbage bins that you take out to the curb on trash day? Usually they do, the 96-gallon bins. The 96-gallon? Yeah. How much is that? Whats the price? You have one of those or two of those? I have between one to two. Between one and two. Okay. What zip code are those in, and are they at a business location or a residence? Business, 11230. 11230. Sorry, Im having a really hard time hearing you. Is that zero or six? 11230. 11030. Okay. Im not out of business. Lets see what I got. It would be the mobile truck that comes out and shreds on site there for you. It looks like I do have a truck. That service is the area. Ill just confirm your contact info and get you over to the pricing team for a quote. Mm-hmm. All right. What is your first and last name? My first Hanach, last name Halevy, H-A-L-E-V-Y. And how do I spell your first name? Hanach, H-A-N-O-C-H. H-A-N-N-O-C-H? Yeah. Okay. And then your last name again, please. Halevy, H-A-L-E-V-Y. H-A-L-E-V-Y. E-V-Y. And whats the name of the business, please? Pension Consulting. Pension Control? Pension Consulting. Consulting. Sorry. I dont know why. Im just having a hard time hearing you. All right. So its like a financial business? Yes. Okay. And a good email address, please. C-H-A-W, pension at AOL.com. C-H-M-A-W? C-H-A-W, pension at AOL.com. Pension at AOL.com. Cool. If you want to hold the line one moment, Ill get you over to the pricing team. And then Ill send you a follow-up email as well with the direct phone number for the truck, just in case you need it in the future. And there is just a little portion at the bottom to rate my customer service. If you could click five stars, it would make my day. Thank you. Absolutely. One moment. Okay. Okay. Hey, Kay, this is Kayla. This is Kay, right? Hey, how are you? Hey, this is Kay? Yes, it is. Sorry. Okay, perfect. Its okay. This is Kayla with Shred Nations. Ive got Henoke on the other line. Hes got about one to two of the 95-gallon bins out of business in Brooklyn. Zip code 11230. Okay, Ill take it. All right, here he is.","DEFINITION: Did the agent ask multiple discovery questions to understand the  customer's needs? Examples of discovery questions: - How many boxes do you have? - What's your zip code? - Is this for business or residence? - When do you need service? - Do you have any electronics to destroy? SCORING OUTPUT FORMAT: { Discovery_float: 0.0,      # Agent asked X questions (0=none, 1.0=15+) No_discovery_float: 0.0,         # Agent didn't ask questions Unknown_float: 0.0            # Unclear if questions were asked } SCORING RULES: discovery_float (agent DID ask questions): - 0.0-0.2: Asked 0-2 questions (minimal) - 0.3-0.5: Asked 3-5 questions (some) - 0.6-0.8: Asked 6-10 questions (good) - 0.9-1.0: Asked 10+ questions (excellent) Not_discovery_float (agent did NOT ask questions): - 0.0-0.2: Asked plenty of questions (not dismissive) - 0.3-0.5: Asked some questions but could have asked more - 0.6-0.8: Asked very few questions - 0.9-1.0: Asked NO questions at all Unknown_float (unclear how many questions): - 0.0-0.2: Transcript clearly shows question count - 0.3-0.5: Some questions visible but transcript incomplete - 0.6+: Cannot determine from transcript EXAMPLE: Transcript: How many boxes? What zip? Business or residence? When needed? → Discovery_float: 0.9 (asked 4 clear questions) → No_discovery_float: 0.05 (agent was asking, not avoiding) → Unknown_float: 0.05 (very clear) → Sum: 1.0 ✓",disco,156,Discovery_float;No_discovery_float;Unknown_float
"Hi, this is Katarina with Shred Nations. Can I help you? Yeah, I just wanted to know, how much is it to, how much is it a pound to shred papers? How many papers do you have? Ive probably got about eight or ten boxes, like paper boxes, like you get reams of paper in. Ive probably got about eight, ten of them. Okay, let me take a quick look and see. Whats your zip code? 37664. In Kingsport, Tennessee? Yes. Okay. Are these at a business or a residence? Mines a residence. Okay. So, I do have, with the amount of shredding you have, it would be bulk shredding, so we would have a mobile truck service come out. I do have one in your area. I can have them contact you to give you a quote. They do it in like a box range. So, basically, they do like one to nine boxes, X amount, and then theyll do like, 10 to 19, X amount. So, I can send this over to them, and they can review it and give you a call and kind of give you an idea of what it would cost. Yeah, because Im a senior, and Im just, you know, I dont know if they have any discounts for seniors and all that stuff or not. Okay. All right. Yeah, Ill have them reach out to you, okay? Whats your first and last name, please? Joe. M-I-Z-E-E. One more time for the last name. M-I-Z-E-E. M-I-Z-E-E. Oh, okay. Thank you. I missed the first part of that. And then, whats a good email for you, Joe? Dont need an email address, really. Thats okay. You dont have to provide an email. Im going to forward over your information, okay, to the provider in your area, and theyll reach out to you here soon after we get off the phone. Okay, thank you. It should be pretty cost effective. It looks like theyre pretty close to you, so theyll be able to go over the options that you have for that to get that done, okay? Okay. All right, thanks. Yeah, not a problem. Have a good day. You too. Bye. Bye.","DEFINITION: Did the agent ask multiple discovery questions to understand the  customer's needs? Examples of discovery questions: - How many boxes do you have? - What's your zip code? - Is this for business or residence? - When do you need service? - Do you have any electronics to destroy? SCORING OUTPUT FORMAT: { Discovery_float: 0.0,      # Agent asked X questions (0=none, 1.0=15+) No_discovery_float: 0.0,         # Agent didn't ask questions Unknown_float: 0.0            # Unclear if questions were asked } SCORING RULES: discovery_float (agent DID ask questions): - 0.0-0.2: Asked 0-2 questions (minimal) - 0.3-0.5: Asked 3-5 questions (some) - 0.6-0.8: Asked 6-10 questions (good) - 0.9-1.0: Asked 10+ questions (excellent) Not_discovery_float (agent did NOT ask questions): - 0.0-0.2: Asked plenty of questions (not dismissive) - 0.3-0.5: Asked some questions but could have asked more - 0.6-0.8: Asked very few questions - 0.9-1.0: Asked NO questions at all Unknown_float (unclear how many questions): - 0.0-0.2: Transcript clearly shows question count - 0.3-0.5: Some questions visible but transcript incomplete - 0.6+: Cannot determine from transcript EXAMPLE: Transcript: How many boxes? What zip? Business or residence? When needed? → Discovery_float: 0.9 (asked 4 clear questions) → No_discovery_float: 0.05 (agent was asking, not avoiding) → Unknown_float: 0.05 (very clear) → Sum: 1.0 ✓",disco,157,Discovery_float;No_discovery_float;Unknown_float
"Shred Nations, this is Kayla. Yeah, Kayla, my name is Lloyd Ternus. You called me a few minutes ago. Oh, yeah. Here, let me see if I can get you pulled up. Give me one second. Sure. And how many boxes do we have? Oh, God, I dont know. I mean, Ive still got to continue boxing them up for many, like at least 20. All right. So is that going to be your best estimate? Well, it is for now. I mean, until theyre boxing, I can give you an exact amount. Okay. Lets see here. So you want to get a quote for 20? Is that how much youll think youll have at the end? Yeah. And I would guess each one of them is probably, I dont know, 25 pounds maybe. Okay. Perfect. Theyre like bankers boxes? Yeah. Okay. And theyre at a business location in Salem? Yes. 1-0-1-9-7-0. All right. Let me see what I got for a truck. Nice. It looks like I do have three trucks that service the area. So youll get three quotes. You can go with whichever ones best for your budget as well as your schedule. Youll get two on-site quotes. Theyll come and shred on-site. And then one off-site quote. Theyll pick up the documents, shred them at their facility, and provide you with a certificate of destruction. That way you can kind of see what both of those prices look like. And the only thing I need is a good e-mail address, please, for the quotes. Sure. The e-mail address is L as in Larry, G as in girl, and then my last name, Ternes, T-E-R-N-E-S, at gmail.com. All right. Awesome. I will go ahead and get this over to the trucks. Theyll contact you directly for the quotes. Lets see. Okay. Perfect. And then Ill send you a follow-up e-mail with the contact information for each of them. That way if you need it in the future, you have it. And at the bottom of that e-mail, theres a little portion to rate my customer service. If you could click five stars, it would make my day. That would be great. Let me ask you one other question. I presume, irrespective of what method is used, I need to get all the boxes down to the ground floor. Is that correct? Im not getting any help in moving them. Is that correct? I dont see any notes here that they dont do stairs, so they might be helping you. They might be able to do that. Okay. All right. All right. Well, Ill wait to hear from them. All right. Thank you very much. Absolutely. You have a great day. Thank you, too. Bye now. Bye-bye. Bye-bye. Bye-bye.","DEFINITION: Did the agent ask multiple discovery questions to understand the  customer's needs? Examples of discovery questions: - How many boxes do you have? - What's your zip code? - Is this for business or residence? - When do you need service? - Do you have any electronics to destroy? SCORING OUTPUT FORMAT: { Discovery_float: 0.0,      # Agent asked X questions (0=none, 1.0=15+) No_discovery_float: 0.0,         # Agent didn't ask questions Unknown_float: 0.0            # Unclear if questions were asked } SCORING RULES: discovery_float (agent DID ask questions): - 0.0-0.2: Asked 0-2 questions (minimal) - 0.3-0.5: Asked 3-5 questions (some) - 0.6-0.8: Asked 6-10 questions (good) - 0.9-1.0: Asked 10+ questions (excellent) Not_discovery_float (agent did NOT ask questions): - 0.0-0.2: Asked plenty of questions (not dismissive) - 0.3-0.5: Asked some questions but could have asked more - 0.6-0.8: Asked very few questions - 0.9-1.0: Asked NO questions at all Unknown_float (unclear how many questions): - 0.0-0.2: Transcript clearly shows question count - 0.3-0.5: Some questions visible but transcript incomplete - 0.6+: Cannot determine from transcript EXAMPLE: Transcript: How many boxes? What zip? Business or residence? When needed? → Discovery_float: 0.9 (asked 4 clear questions) → No_discovery_float: 0.05 (agent was asking, not avoiding) → Unknown_float: 0.05 (very clear) → Sum: 1.0 ✓",disco,158,Discovery_float;No_discovery_float;Unknown_float
"Thank you for calling Shred Nation. This is Martin. How can I help? Hi, I found this phone number connected to the UPS store at 1783 Forest Drive. Yeah, if youre trying to drop off. Am I speaking to the right person? If youre trying to drop off documents to Shred, I could transfer you over there before you go. Oh, okay. I think I called the wrong number. Yeah, I have to talk to the UPS store. Let me get you there. Hold the line. Awesome. Thank you.","DEFINITION: Did the agent ask multiple discovery questions to understand the  customer's needs? Examples of discovery questions: - How many boxes do you have? - What's your zip code? - Is this for business or residence? - When do you need service? - Do you have any electronics to destroy? SCORING OUTPUT FORMAT: { Discovery_float: 0.0,      # Agent asked X questions (0=none, 1.0=15+) No_discovery_float: 0.0,         # Agent didn't ask questions Unknown_float: 0.0            # Unclear if questions were asked } SCORING RULES: discovery_float (agent DID ask questions): - 0.0-0.2: Asked 0-2 questions (minimal) - 0.3-0.5: Asked 3-5 questions (some) - 0.6-0.8: Asked 6-10 questions (good) - 0.9-1.0: Asked 10+ questions (excellent) Not_discovery_float (agent did NOT ask questions): - 0.0-0.2: Asked plenty of questions (not dismissive) - 0.3-0.5: Asked some questions but could have asked more - 0.6-0.8: Asked very few questions - 0.9-1.0: Asked NO questions at all Unknown_float (unclear how many questions): - 0.0-0.2: Transcript clearly shows question count - 0.3-0.5: Some questions visible but transcript incomplete - 0.6+: Cannot determine from transcript EXAMPLE: Transcript: How many boxes? What zip? Business or residence? When needed? → Discovery_float: 0.9 (asked 4 clear questions) → No_discovery_float: 0.05 (agent was asking, not avoiding) → Unknown_float: 0.05 (very clear) → Sum: 1.0 ✓",disco,159,Discovery_float;No_discovery_float;Unknown_float
"Hi, this is Katarina at Shred Nations. Can I help you? Yeah, Im just wondering, I wanted to get a box of paper shredded and I was going to, I kind of was doing it online, but I was going to drop at the UPS store on 120th. Do I just go in and do that or do I have to make an appointment to do it? So how many boxes do you have? Its just one box of papers. Okay, let me take a look. So yeah, your best option would probably, no, youre okay. Your best option would probably be the UPS store. Its a drop-off location. Yeah, thatd probably be your best option. What was your question? Im sorry. You know, if I can just go in there to the UPS store and just drop off the box or, because I know that the Shred Nation is at UPS store, but its not Shred Nation, so Im confused. Do I just go to the UPS store and drop the box off there? Yeah, so you can just go in during regular business hours. Okay. And yeah, just go in during regular business hours and then you hand feed them into a locked trash can. Oh, okay. Got it. And then theyll charge you per pound. Yep. Okay, thank you. Youre welcome. Okay, bye. Bye.","DEFINITION: Did the agent ask multiple discovery questions to understand the  customer's needs? Examples of discovery questions: - How many boxes do you have? - What's your zip code? - Is this for business or residence? - When do you need service? - Do you have any electronics to destroy? SCORING OUTPUT FORMAT: { Discovery_float: 0.0,      # Agent asked X questions (0=none, 1.0=15+) No_discovery_float: 0.0,         # Agent didn't ask questions Unknown_float: 0.0            # Unclear if questions were asked } SCORING RULES: discovery_float (agent DID ask questions): - 0.0-0.2: Asked 0-2 questions (minimal) - 0.3-0.5: Asked 3-5 questions (some) - 0.6-0.8: Asked 6-10 questions (good) - 0.9-1.0: Asked 10+ questions (excellent) Not_discovery_float (agent did NOT ask questions): - 0.0-0.2: Asked plenty of questions (not dismissive) - 0.3-0.5: Asked some questions but could have asked more - 0.6-0.8: Asked very few questions - 0.9-1.0: Asked NO questions at all Unknown_float (unclear how many questions): - 0.0-0.2: Transcript clearly shows question count - 0.3-0.5: Some questions visible but transcript incomplete - 0.6+: Cannot determine from transcript EXAMPLE: Transcript: How many boxes? What zip? Business or residence? When needed? → Discovery_float: 0.9 (asked 4 clear questions) → No_discovery_float: 0.05 (agent was asking, not avoiding) → Unknown_float: 0.05 (very clear) → Sum: 1.0 ✓",disco,160,Discovery_float;No_discovery_float;Unknown_float
"Shred Nations, this is Hattie. How can I help you? See, I called earlier today for a bid on 500 to 1,000 pounds of work to be done. Can you tell me, did they ever get a price on that? They were going to call me back, but they havent so far. Could you help me? My name is John Sullivan. Okay, I see your form here. Did you receive the email from us with the name of the truck thats able to do that service for you? I dont subscribe to email. Oh, I see that here. So you didnt do email. Lets see. Let me take a look. One moment. Yeah, so definitely it was sent out to them. So, you know, I would assume that theyd be getting back to you at some point today. Would you like to write down their phone number to call them directly? No, I cant read or write because I have a macular deception. Is there another company that I have to deal with? No, so theyre going to be calling you directly. With pricing, it was just, you know, if I could give you that contact info, but not a problem. They should be giving you a call back today. We are in the holiday season, so it is a little busier around this time of year. Okay, Ill wait for their call then. Thank you very much. All righty. Youre very welcome. You have a good rest of your day. You too, bye now. Bye-bye.","DEFINITION: Did the agent ask multiple discovery questions to understand the  customer's needs? Examples of discovery questions: - How many boxes do you have? - What's your zip code? - Is this for business or residence? - When do you need service? - Do you have any electronics to destroy? SCORING OUTPUT FORMAT: { Discovery_float: 0.0,      # Agent asked X questions (0=none, 1.0=15+) No_discovery_float: 0.0,         # Agent didn't ask questions Unknown_float: 0.0            # Unclear if questions were asked } SCORING RULES: discovery_float (agent DID ask questions): - 0.0-0.2: Asked 0-2 questions (minimal) - 0.3-0.5: Asked 3-5 questions (some) - 0.6-0.8: Asked 6-10 questions (good) - 0.9-1.0: Asked 10+ questions (excellent) Not_discovery_float (agent did NOT ask questions): - 0.0-0.2: Asked plenty of questions (not dismissive) - 0.3-0.5: Asked some questions but could have asked more - 0.6-0.8: Asked very few questions - 0.9-1.0: Asked NO questions at all Unknown_float (unclear how many questions): - 0.0-0.2: Transcript clearly shows question count - 0.3-0.5: Some questions visible but transcript incomplete - 0.6+: Cannot determine from transcript EXAMPLE: Transcript: How many boxes? What zip? Business or residence? When needed? → Discovery_float: 0.9 (asked 4 clear questions) → No_discovery_float: 0.05 (agent was asking, not avoiding) → Unknown_float: 0.05 (very clear) → Sum: 1.0 ✓",disco,161,Discovery_float;No_discovery_float;Unknown_float
"Thank you for calling Shred Nations. This is Martin. How can I help? Yes, sir. My name is Larry Dykes, D-Y-K-E-S, with Dykes and Dykes Trailers here in El Paso. And were fixing to not close up, but we need to get rid of some old files that we have. And I wonder if, are you here in El Paso? I am not, unfortunately. I wish I was. I do like it out there. But how many boxes of paper are yall shredding, roughly? Roughly, probably around 20. And the zip code where they would be? What, our zip code here? Yeah, were at 79928. So we offer truck services that go to you and shred on-site. I do have a truck that routes there in El Paso. Theyre not too far from you. Could I gather some contact information? And have them call you back with pricing and available dates? Sure, because I need to do it on Tuesday of next week. That may be feasible. Youre definitely calling ahead, so theyll let you know what days may be available. If its before Tuesday, is that okay? Not Tuesday? Well, I could probably have it ready by Monday. But Tuesday, I would prefer it. Okay, Ill put it here on the 25th. How much do you charge? Just an estimate. How do you do it? Theyre going to call you back with a quote for 20 boxes. They go to other homes and businesses out there on the route, so they add you on to the schedule. So I put here on the 25th if they can do this for you. Whats the best callback number? You can call the office, 915-859-0699. Thank you. And last? Dykes and Dykes. Dykes and Dykes. D-Y-K-E-S. My name is Larry, if Im not hearing. Well, my brothers got a sore throat. Hes sick a little bit. But the best thing to do, I work on Mondays and Thursdays. No. Okay. I dont even know. Im cutting it. Im cutting it down to two days a week. Nice. I work on Tuesdays. They are going to be calling back maybe today. So is that the best number they might be able to get to you? Yes. Okay. Perfect. Yeah, so theyll call you right back. It shouldnt be too much. Yeah. Let me give you my cell number just in case. 915-867-0640. Thank you. Thank you. Last thing would be your email, please. No, I dont have one. No worries. Ill have the Shredder. Or actually, these guys do require one. You dont have like one that you may use for like... Im just going to send you the Shredders phone number so you know whos calling you and vice versa. Okay. Let me... My secretary does all this shit. I dont do it. I got it, man. All right. Usually, I dont have to. Yes, but these guys do have me. Tell them to give me a call. They do require one, unfortunately. Its the only reason why Im asking. Okay. Well, hang on. Its Dykes, D-Y-K-E-S, Trailers, Inc. At A-L-A-O-L dot com. Thank you, my friend. Im going to email there the Shredders phone number. If you have a second to look at it, youll see their information there. It shouldnt be too much longer for you to get a phone call. I hope you have a great rest of your day. All right. Thank you. So, theyll come out and take a look at it? Is that what theyre going to do? Theyre just going to call you back, let you know the quote for the 20 boxes, and hopefully they do have availability for Tuesday of next week for you. So, theyre going to let you know that as well. Okay. Well, tell them to please give me a call. All right. I got you, my friend. Thanks. Have a good one. Bye.","DEFINITION: Did the agent ask multiple discovery questions to understand the  customer's needs? Examples of discovery questions: - How many boxes do you have? - What's your zip code? - Is this for business or residence? - When do you need service? - Do you have any electronics to destroy? SCORING OUTPUT FORMAT: { Discovery_float: 0.0,      # Agent asked X questions (0=none, 1.0=15+) No_discovery_float: 0.0,         # Agent didn't ask questions Unknown_float: 0.0            # Unclear if questions were asked } SCORING RULES: discovery_float (agent DID ask questions): - 0.0-0.2: Asked 0-2 questions (minimal) - 0.3-0.5: Asked 3-5 questions (some) - 0.6-0.8: Asked 6-10 questions (good) - 0.9-1.0: Asked 10+ questions (excellent) Not_discovery_float (agent did NOT ask questions): - 0.0-0.2: Asked plenty of questions (not dismissive) - 0.3-0.5: Asked some questions but could have asked more - 0.6-0.8: Asked very few questions - 0.9-1.0: Asked NO questions at all Unknown_float (unclear how many questions): - 0.0-0.2: Transcript clearly shows question count - 0.3-0.5: Some questions visible but transcript incomplete - 0.6+: Cannot determine from transcript EXAMPLE: Transcript: How many boxes? What zip? Business or residence? When needed? → Discovery_float: 0.9 (asked 4 clear questions) → No_discovery_float: 0.05 (agent was asking, not avoiding) → Unknown_float: 0.05 (very clear) → Sum: 1.0 ✓",disco,162,Discovery_float;No_discovery_float;Unknown_float
"Thank you for calling Shred Nations. This is Martin. How can I help? Yes, hi. I was wondering what you charge to do a one-time shredding at a residence. How many boxes are you trying to shred? Its probably 10 of the bankers boxes, not the legal size, the regular size. All right, and whats the zip code where they would be? 3-2-1-6-8. All right, so for the amount of shredding that you have, we offer a truck service that goes to you in Shred. Could I gather some contact information and have the shredders call you back with pricing? Sure. Okay, my question is, so youll shred right on site? That is correct. Yeah, they have a shredder on the truck. Theyll shred your documents and then go on to the next customer. Okay, great. Yes, please have them call me. What is the best callback number? Its 678-392-9346. All right. And what do they charge? Thats what they charge. Thats what theyre going to call you back for. Yeah, with who do I have the pleasure? My name is Judy Hall. Judy Hall. And then last thing would be your email. J-H-A-L-L-2-2-2-8-3-at-t-dot-net. Thank you. Im going to email you right now the shredders number so youre aware of who it is that we got you in touch with. Im actually going to put you on a brief hold and transfer you to them right now. Okay, very good. Thank you. All right, perfect. Hold the line. I hope you have a great day. All right, thank you. Were calling A1 Shredding and Recycling. We are a NAIT certified secure shredding service provider. We are here to safely shred your documents at home or the office. All right, thank you for your patience. Theyre tying up with the customer. Ill email you their information now, and theyll call you as soon as they are available. All right, very good. Thank you very much. Take care.","DEFINITION: Did the agent ask multiple discovery questions to understand the  customer's needs? Examples of discovery questions: - How many boxes do you have? - What's your zip code? - Is this for business or residence? - When do you need service? - Do you have any electronics to destroy? SCORING OUTPUT FORMAT: { Discovery_float: 0.0,      # Agent asked X questions (0=none, 1.0=15+) No_discovery_float: 0.0,         # Agent didn't ask questions Unknown_float: 0.0            # Unclear if questions were asked } SCORING RULES: discovery_float (agent DID ask questions): - 0.0-0.2: Asked 0-2 questions (minimal) - 0.3-0.5: Asked 3-5 questions (some) - 0.6-0.8: Asked 6-10 questions (good) - 0.9-1.0: Asked 10+ questions (excellent) Not_discovery_float (agent did NOT ask questions): - 0.0-0.2: Asked plenty of questions (not dismissive) - 0.3-0.5: Asked some questions but could have asked more - 0.6-0.8: Asked very few questions - 0.9-1.0: Asked NO questions at all Unknown_float (unclear how many questions): - 0.0-0.2: Transcript clearly shows question count - 0.3-0.5: Some questions visible but transcript incomplete - 0.6+: Cannot determine from transcript EXAMPLE: Transcript: How many boxes? What zip? Business or residence? When needed? → Discovery_float: 0.9 (asked 4 clear questions) → No_discovery_float: 0.05 (agent was asking, not avoiding) → Unknown_float: 0.05 (very clear) → Sum: 1.0 ✓",disco,163,Discovery_float;No_discovery_float;Unknown_float
"Thank you for calling Shredded Nations. This is Martin. How can I help? Hi. How you doing? Every day is good. Hopefully youre well. Good. I need to. I work, of course, straight from you guys, for Detroit Arsenal, the Army. And we have several accounts with you guys, but I need my own for our department. I got you. Are you trying to set up, like, ongoing service? No, we need, like, the three shredded bins here. Can I do? I mean, can I do this online? Well, if you go online, somebody here is just going to give you a call back. In this case, if youre looking for, like, ongoing service where they place a bin at the business and pick it up monthly, is that what youre needing? Yes. Yes. All right. Thats what Im looking for. So for ongoing service like this, it looks like I do have a couple of shredders that route there that frequently. What I can do is gather some contact information, and then the shredders are going to call you back directly with pricing if you fill up the quota. Perfect. And whats the best callback number? 248-933-4300. Your first and last name? Barbara Cox. The name of the business? Army. Did you say the Army? Yes. Okay. Got you. And then last thing would be your email, please. Its barbara.j.cox79.civ.army.mil. Army.mil. Im going to repeat it just to make sure I heard it right. So that is barbara.j.cox79.civ.army.mil. There is another dot between Barbara and J. And J. Not Barbara. Barbara.j.cox. Perfect. Im going to email you there the shredders phone number so youre aware of who will be in touch with you with pricing. It will also ask you to rate my service if you have a second. Id appreciate you, and I hope you have a great rest of your day. Will do. Thank you. Take care. Thank you.","DEFINITION: Did the agent ask multiple discovery questions to understand the  customer's needs? Examples of discovery questions: - How many boxes do you have? - What's your zip code? - Is this for business or residence? - When do you need service? - Do you have any electronics to destroy? SCORING OUTPUT FORMAT: { Discovery_float: 0.0,      # Agent asked X questions (0=none, 1.0=15+) No_discovery_float: 0.0,         # Agent didn't ask questions Unknown_float: 0.0            # Unclear if questions were asked } SCORING RULES: discovery_float (agent DID ask questions): - 0.0-0.2: Asked 0-2 questions (minimal) - 0.3-0.5: Asked 3-5 questions (some) - 0.6-0.8: Asked 6-10 questions (good) - 0.9-1.0: Asked 10+ questions (excellent) Not_discovery_float (agent did NOT ask questions): - 0.0-0.2: Asked plenty of questions (not dismissive) - 0.3-0.5: Asked some questions but could have asked more - 0.6-0.8: Asked very few questions - 0.9-1.0: Asked NO questions at all Unknown_float (unclear how many questions): - 0.0-0.2: Transcript clearly shows question count - 0.3-0.5: Some questions visible but transcript incomplete - 0.6+: Cannot determine from transcript EXAMPLE: Transcript: How many boxes? What zip? Business or residence? When needed? → Discovery_float: 0.9 (asked 4 clear questions) → No_discovery_float: 0.05 (agent was asking, not avoiding) → Unknown_float: 0.05 (very clear) → Sum: 1.0 ✓",disco,164,Discovery_float;No_discovery_float;Unknown_float
"Thank you for calling Shred Nations. This is Martin. How can I help you? Hi, this is Sherry with Allen Medical. And I was just calling to inquire the cost of your services, both on-site versus bringing it there. It looks like theres two options available there. The drop-offs are meant for small volume of shredding. If you have under 90 pounds of paper, but how many boxes of paper are you trying to shred? Honestly, we have several. With your best guess. A range would work as well. Okay, lets say 25 boxes. Okay, and the zip code where they would be? 47960. All right, so for this amount, the truck service is going to be the way to go. What I can do is gather some contact information and transfer you to the shredder for pricing, if that is okay. Okay, that would be fine. What is the best callback number? You know what, this might be duplicated, because when I was on hold, I went ahead. I went ahead online and put in a, like, to get a quote. Oh, did you? Let me see. I got you here. I see your information here, actually. So I have everything that I need. Its not going to pull up for me right now, but let me transfer you to the shredder, and then Im going to transfer you to them now, and then Ill email you their information as well, so you know who youre working with. All right, so hold the line. Let me get you on over to them. Okay, thank you. Thank you for calling Shred America. If you could wait on a brief hold, well be with you as soon as possible. Thanks. You are the next caller in line. You may press the star key at any time to leave a voicemail. To request a call back, press 9. Music is your favorite. All right, thank you for your patience. They are tying up with the customer. When your information drops, Ill go ahead and send you that email. I hope you have a great rest of your day. You too. Bye-bye. Bye.","DEFINITION: Did the agent ask multiple discovery questions to understand the  customer's needs? Examples of discovery questions: - How many boxes do you have? - What's your zip code? - Is this for business or residence? - When do you need service? - Do you have any electronics to destroy? SCORING OUTPUT FORMAT: { Discovery_float: 0.0,      # Agent asked X questions (0=none, 1.0=15+) No_discovery_float: 0.0,         # Agent didn't ask questions Unknown_float: 0.0            # Unclear if questions were asked } SCORING RULES: discovery_float (agent DID ask questions): - 0.0-0.2: Asked 0-2 questions (minimal) - 0.3-0.5: Asked 3-5 questions (some) - 0.6-0.8: Asked 6-10 questions (good) - 0.9-1.0: Asked 10+ questions (excellent) Not_discovery_float (agent did NOT ask questions): - 0.0-0.2: Asked plenty of questions (not dismissive) - 0.3-0.5: Asked some questions but could have asked more - 0.6-0.8: Asked very few questions - 0.9-1.0: Asked NO questions at all Unknown_float (unclear how many questions): - 0.0-0.2: Transcript clearly shows question count - 0.3-0.5: Some questions visible but transcript incomplete - 0.6+: Cannot determine from transcript EXAMPLE: Transcript: How many boxes? What zip? Business or residence? When needed? → Discovery_float: 0.9 (asked 4 clear questions) → No_discovery_float: 0.05 (agent was asking, not avoiding) → Unknown_float: 0.05 (very clear) → Sum: 1.0 ✓",disco,165,Discovery_float;No_discovery_float;Unknown_float
"Thank you for calling Shred Nations. This is Kylie. How can I help you? Hello. Good morning, Kylie. This is Michael John Sayetta calling. How are you today? Im doing good. How are you? Im good. Thank you. I needed some shredding for an office setting that is in a secured location. So I put a quote out there online, and Martin called me back and asked some questions, which were good questions. I wondered, are you able to call up my email or my request for a quote, and maybe we can start from there? Okay, good. Okay, yeah. I see your information in here. Whats the amount of boxes that you would like to have? It was quoted as 212 cubic feet, you would say, to be on the safe side. I dont know how that translates to individual pieces of paper, but I think we should go with a little bit higher estimate so its not underpriced. Well, actually, if you have 212 cubic feet, I can... Simply just do the math for that to see about how many boxes youre estimating. So if my calculations are correct, I believe its about 176 boxes. Okay. And so this is going to be in the zip code 23509? No, its going to be in Newport News for the offices. Okay, whats the zip code? Im driving, so I cant look it up, but I think its, like, for Hampton, its 23666. For Newport News, it would... Im sorry, I should have that memorized, and I dont. Okay, well, we are zip code specific, so I would need that information if you can please let us know. I mean, you can always respond to the email. Sure. With that information, if you dont have that on you, write this second. But we do have everything else we would need. We just need that zip code where the boxes are. Can I put you on hold for just a second and ask Siri what the zip code is? Okay, hold on then, and Ill be right back. Okay. Hey, Siri. Hey, this is for Patrick Henry Field Airport in Newport News, Virginia. Okay, perfect. So there are a couple shutters who brought that area, Michael. I can send this information over to both of them, and then they would be able to call you back with some pricing and available dates for that. And then you can go with the best option. Ill send you over a text message. If you can rate my customer service, that would be greatly appreciated and super helpful. And then theyll just be in touch here shortly. Is that okay? Thats great. Thank you so much. All right. Youre welcome. I hope you have a great rest of your day. Theyll be in touch. Uh-huh. Bye-bye.","DEFINITION: Did the agent ask multiple discovery questions to understand the  customer's needs? Examples of discovery questions: - How many boxes do you have? - What's your zip code? - Is this for business or residence? - When do you need service? - Do you have any electronics to destroy? SCORING OUTPUT FORMAT: { Discovery_float: 0.0,      # Agent asked X questions (0=none, 1.0=15+) No_discovery_float: 0.0,         # Agent didn't ask questions Unknown_float: 0.0            # Unclear if questions were asked } SCORING RULES: discovery_float (agent DID ask questions): - 0.0-0.2: Asked 0-2 questions (minimal) - 0.3-0.5: Asked 3-5 questions (some) - 0.6-0.8: Asked 6-10 questions (good) - 0.9-1.0: Asked 10+ questions (excellent) Not_discovery_float (agent did NOT ask questions): - 0.0-0.2: Asked plenty of questions (not dismissive) - 0.3-0.5: Asked some questions but could have asked more - 0.6-0.8: Asked very few questions - 0.9-1.0: Asked NO questions at all Unknown_float (unclear how many questions): - 0.0-0.2: Transcript clearly shows question count - 0.3-0.5: Some questions visible but transcript incomplete - 0.6+: Cannot determine from transcript EXAMPLE: Transcript: How many boxes? What zip? Business or residence? When needed? → Discovery_float: 0.9 (asked 4 clear questions) → No_discovery_float: 0.05 (agent was asking, not avoiding) → Unknown_float: 0.05 (very clear) → Sum: 1.0 ✓",disco,166,Discovery_float;No_discovery_float;Unknown_float
"Thank you for calling Shred Nations. This is Martin. How can I help you? Hi, this is Sherry with Allen Medical. And I was just calling to inquire the cost of your services, both on-site versus bringing it there. It looks like theres two options available there. The drop-offs are meant for small volume of shredding. If you have under 90 pounds of paper, but how many boxes of paper are you trying to shred? Honestly, we have several. With your best guess. A range would work as well. Okay, lets say 25 boxes. Okay, and the zip code where they would be? 47960. All right, so for this amount, the truck service is going to be the way to go. What I can do is gather some contact information and transfer you to the shredder for pricing, if that is okay. Okay, that would be fine. What is the best callback number? You know what, this might be duplicated, because when I was on hold, I went ahead. I went ahead online and put in a, like, to get a quote. Oh, did you? Let me see. I got you here. I see your information here, actually. So I have everything that I need. Its not going to pull up for me right now, but let me transfer you to the shredder, and then Im going to transfer you to them now, and then Ill email you their information as well, so you know who youre working with. All right, so hold the line. Let me get you on over to them. Okay, thank you. Thank you for calling Shred America. If you could wait on a brief hold, well be with you as soon as possible. Thanks. You are the next caller in line. You may press the star key at any time to leave a voicemail. To request a call back, press 9. Music is your favorite. All right, thank you for your patience. They are tying up with the customer. When your information drops, Ill go ahead and send you that email. I hope you have a great rest of your day. You too. Bye-bye. Bye.","DEFINITION: Did the agent ask multiple discovery questions to understand the  customer's needs? Examples of discovery questions: - How many boxes do you have? - What's your zip code? - Is this for business or residence? - When do you need service? - Do you have any electronics to destroy? SCORING OUTPUT FORMAT: { Discovery_float: 0.0,      # Agent asked X questions (0=none, 1.0=15+) No_discovery_float: 0.0,         # Agent didn't ask questions Unknown_float: 0.0            # Unclear if questions were asked } SCORING RULES: discovery_float (agent DID ask questions): - 0.0-0.2: Asked 0-2 questions (minimal) - 0.3-0.5: Asked 3-5 questions (some) - 0.6-0.8: Asked 6-10 questions (good) - 0.9-1.0: Asked 10+ questions (excellent) Not_discovery_float (agent did NOT ask questions): - 0.0-0.2: Asked plenty of questions (not dismissive) - 0.3-0.5: Asked some questions but could have asked more - 0.6-0.8: Asked very few questions - 0.9-1.0: Asked NO questions at all Unknown_float (unclear how many questions): - 0.0-0.2: Transcript clearly shows question count - 0.3-0.5: Some questions visible but transcript incomplete - 0.6+: Cannot determine from transcript EXAMPLE: Transcript: How many boxes? What zip? Business or residence? When needed? → Discovery_float: 0.9 (asked 4 clear questions) → No_discovery_float: 0.05 (agent was asking, not avoiding) → Unknown_float: 0.05 (very clear) → Sum: 1.0 ✓",disco,167,Discovery_float;No_discovery_float;Unknown_float
"This is Katerina with Shred Nations. Can I help you? Hello. Hi. My name is Rubia. I wanted to ask for shredding documents, how much does it cost? Do you have a price? So it depends on a few different verticals. How many boxes do you have? Like two. So I work at a law firm. Its like legal documents where it has extensive information. I need that all shredded. So its like, I would say like two, three pounds of papers, maybe more than that. Okay. But you need a witness to shredding, right? Yeah. I would need a witness that like saying that like all this paper was shredded. Okay. Yeah. Okay. Whats your zip code? Were in Leesburg, 20170. 20. Im sorry. Say that one more time. You cut out. 20176. Thank you. And you have two boxes, you said? Or two pounds? Yeah. I would say two boxes, like two boxes of papers. Okay. Yeah, thats fine. So I do have a trucking company in your area. Im going to just gather a few things from my end, on my end, and then I could get you in touch with them for a quote, okay? Yeah. Sure. But is it going to be hundreds of dollars? I mean, it ranges between like 100 to 195 for the mobile truck service. No, I dont need a truck service. Is there a place where I can come to you? Theres no. And you do some shredding. No. So theres a drop-off service where you put them into a locked trash can, but you dont get a witness to shredding. So once its in the trash can, its like, its shredded 100%? Yeah. Well, yeah. So they empty their bin. Its at UPS. They empty their bins like once a month, I think. Each store is kind of franchised, so they do their own pricing and their own, they set their own like times when they have it picked up. But I believe, yeah, its once a month, but its until a secure, its like a secure drop-off. But I know that law offices, sometimes you need to like have it, the documents have to be disposed of, like compliant with certain laws. So just so youre aware, like the UPS store isnt, follow those. Yeah. I just dont want paper to be sitting there, you know? Yeah. I dont understand. I think, I know it seems kind of silly to pay like hundreds of dollars for just a couple boxes. I think maybe it might be a better option just to wait until you have more volume, if thats possible. Yeah. Ill check with my boss. Ill let you know. But is there any shredding service where I drop things off and it gets shredded? Would you know? No, not within our network. I know theres companies that do. But just in our network of what we offer, there isnt. But I know its more impossible to find someone. So if you just keep calling around, Im sure youd be able to find someone that can kind of accommodate what youre needing. I appreciate it. Thank you so much. Not a problem. Bye-bye.","DEFINITION: Did the agent ask multiple discovery questions to understand the  customer's needs? Examples of discovery questions: - How many boxes do you have? - What's your zip code? - Is this for business or residence? - When do you need service? - Do you have any electronics to destroy? SCORING OUTPUT FORMAT: { Discovery_float: 0.0,      # Agent asked X questions (0=none, 1.0=15+) No_discovery_float: 0.0,         # Agent didn't ask questions Unknown_float: 0.0            # Unclear if questions were asked } SCORING RULES: discovery_float (agent DID ask questions): - 0.0-0.2: Asked 0-2 questions (minimal) - 0.3-0.5: Asked 3-5 questions (some) - 0.6-0.8: Asked 6-10 questions (good) - 0.9-1.0: Asked 10+ questions (excellent) Not_discovery_float (agent did NOT ask questions): - 0.0-0.2: Asked plenty of questions (not dismissive) - 0.3-0.5: Asked some questions but could have asked more - 0.6-0.8: Asked very few questions - 0.9-1.0: Asked NO questions at all Unknown_float (unclear how many questions): - 0.0-0.2: Transcript clearly shows question count - 0.3-0.5: Some questions visible but transcript incomplete - 0.6+: Cannot determine from transcript EXAMPLE: Transcript: How many boxes? What zip? Business or residence? When needed? → Discovery_float: 0.9 (asked 4 clear questions) → No_discovery_float: 0.05 (agent was asking, not avoiding) → Unknown_float: 0.05 (very clear) → Sum: 1.0 ✓",disco,168,Discovery_float;No_discovery_float;Unknown_float
"Shred Nation, this is Kayla. Hi, Kayla. I called a couple days ago for a mobile service to come to my home, and no one called me back. Oh, okay. Let me see who we connected you as. This is Peter? Yeah, Peter. Yep. Okay. Let me see here. Looks like we connected you with New England Security Shredders, that you should have an email from us with their direct phone number. I just sent it again in case you havent gotten it. Make sure it doesnt end up in your spam. But I will get you over to the truck now, okay? Yep, thanks. Absolutely.","DEFINITION: Did the agent ask multiple discovery questions to understand the  customer's needs? Examples of discovery questions: - How many boxes do you have? - What's your zip code? - Is this for business or residence? - When do you need service? - Do you have any electronics to destroy? SCORING OUTPUT FORMAT: { Discovery_float: 0.0,      # Agent asked X questions (0=none, 1.0=15+) No_discovery_float: 0.0,         # Agent didn't ask questions Unknown_float: 0.0            # Unclear if questions were asked } SCORING RULES: discovery_float (agent DID ask questions): - 0.0-0.2: Asked 0-2 questions (minimal) - 0.3-0.5: Asked 3-5 questions (some) - 0.6-0.8: Asked 6-10 questions (good) - 0.9-1.0: Asked 10+ questions (excellent) Not_discovery_float (agent did NOT ask questions): - 0.0-0.2: Asked plenty of questions (not dismissive) - 0.3-0.5: Asked some questions but could have asked more - 0.6-0.8: Asked very few questions - 0.9-1.0: Asked NO questions at all Unknown_float (unclear how many questions): - 0.0-0.2: Transcript clearly shows question count - 0.3-0.5: Some questions visible but transcript incomplete - 0.6+: Cannot determine from transcript EXAMPLE: Transcript: How many boxes? What zip? Business or residence? When needed? → Discovery_float: 0.9 (asked 4 clear questions) → No_discovery_float: 0.05 (agent was asking, not avoiding) → Unknown_float: 0.05 (very clear) → Sum: 1.0 ✓",disco,169,Discovery_float;No_discovery_float;Unknown_float
"Thank you for calling Shred Nations. This is Martin. How can I help you? Hi, Martin. My name is Betsy. I have some questions about a shredding job that I need to get taken care of. Yeah, absolutely. Roughly how many boxes of paper are you shredding? Approximately 12 to 14, slightly bigger than a banker box. Okay, and then the zip code where they would be? 17078. Residential or business? Its a remote business. I work from home, and Im leaving the company, and Ive been instructed to dispose of the files. Okay. So for the amount of shredding that you have, we have a truck that would go to you and Shred Onsite for $289, and that would cover up to 19 of those boxes. So unless you go over that, pricing would change. Okay. And now, is it just paper? Paper. Can it be file folders? The folders could remain there as well. If they cant shred them onsite, what they usually do is they take them and shred them offsite, and they do give you a certificate of destruction to prove it has been shred. Oh, yeah. Im just talking about like manila file folders that the papers are in. That is correct. Do I have to take the papers out? No, you dont have to. If they can shred them, theyll shred them onsite. If for whatever reason they cant shred them onsite. Theyre going to shred those offsite. Okay. And I would need to remove, Im sure, binder clips. What about rubber bands? They can remove those as well for you if they shred them offsite for you. You wouldnt have to do it yourself. And then hanging folders should be removed because of the metal strips in them? The shredders, again, help you remove those as well. Okay. And do I have to like schedule an appointment for that? That is correct. Yeah. They dont do same day or next day. Scheduling can take five to ten business days, a little sooner, a little later. Okay. And then how would I make payment for that? I believe they accept card cash, but thats something theyll have to go over with you. Once youre ready, well gather some info and transfer you to the shredder, and theyll put you on the schedule and go over any other logistics with you. Okay. And can I call you back at this same number? Yeah. I need to get authorization to expense this. I got you. Yeah, of course. Give us a call back. My name is Martin. If not me, somebody else here would definitely help you as well. Okay. And they would come to the house. Correct. That would be fantastic. All right. And where would be a tipping point? You know, if I would go through and I have no idea how many hanging folders are in there that it might reduce it, you know, like down to... 10 boxes. Is that going to make any difference in pricing? Itll be the same price. So the quote for $289 covers from 10 to 19 boxes. 10 to 19. Okay. All right. Well, thank you, Martin. I will get a hold of my boss and see, you know, say, hey, this is what its going to cost you to get rid of this stuff. All right. Thank you. I will give you a call back. Have a good one.","DEFINITION: Did the agent ask multiple discovery questions to understand the  customer's needs? Examples of discovery questions: - How many boxes do you have? - What's your zip code? - Is this for business or residence? - When do you need service? - Do you have any electronics to destroy? SCORING OUTPUT FORMAT: { Discovery_float: 0.0,      # Agent asked X questions (0=none, 1.0=15+) No_discovery_float: 0.0,         # Agent didn't ask questions Unknown_float: 0.0            # Unclear if questions were asked } SCORING RULES: discovery_float (agent DID ask questions): - 0.0-0.2: Asked 0-2 questions (minimal) - 0.3-0.5: Asked 3-5 questions (some) - 0.6-0.8: Asked 6-10 questions (good) - 0.9-1.0: Asked 10+ questions (excellent) Not_discovery_float (agent did NOT ask questions): - 0.0-0.2: Asked plenty of questions (not dismissive) - 0.3-0.5: Asked some questions but could have asked more - 0.6-0.8: Asked very few questions - 0.9-1.0: Asked NO questions at all Unknown_float (unclear how many questions): - 0.0-0.2: Transcript clearly shows question count - 0.3-0.5: Some questions visible but transcript incomplete - 0.6+: Cannot determine from transcript EXAMPLE: Transcript: How many boxes? What zip? Business or residence? When needed? → Discovery_float: 0.9 (asked 4 clear questions) → No_discovery_float: 0.05 (agent was asking, not avoiding) → Unknown_float: 0.05 (very clear) → Sum: 1.0 ✓",disco,170,Discovery_float;No_discovery_float;Unknown_float
"Shred Nations, this is Kayla. Hi, good morning. I live in Brooklyn, and I was wondering if somebody could come to me to get my papers that needed to be shredded. Yeah, how many boxes or bags do you have? I have about maybe 12 bags here, but theyre in recycled bags that I get from the supermarket. Like grocery bags? Yes. Okay. So thats going to be about three boxes. If you dont need to witness the shredding, you can take it to the UPS store over on Flatbush Avenue. They can take up to three boxes. Thats about what you have. Otherwise, if you wanted to witness it, it would be the mobile truck that comes out to your location and shreds on site. Yeah, I need somebody to come because... Okay, what zip code are you in? Im in 11238. Im on Washington Avenue between Fulton and Atlantic. Okay. Okay, so it looks like I do have a truck that services the area. Theyll take anywhere from one to nine boxes for a flat rate of $189. Okay. Does that work? Yeah, thatll work for me because... Okay. And then whats your first and last name? I injured my knee. Im walking with a cane now, so... Oh, Im so sorry about that. And whats your first and last name? My name is Gina McDuffie. Is that G-I-N-A? Yes. And then M-C, capital D? Yeah, U-F-F-I-E. Perfect. And whats a good email address for you, Gina? Gina, lowercase, 1434 at msn.com. Awesome. And what is the address that the truck will be coming to? 545 Washington Avenue between Fulton and Atlantic. Okay. Awesome. Ill get you over to the scheduling team now, and then Ill send you a follow-up email with the directions. Ill send you a phone number for the truck just in case you need that in the future. And then at the bottom of that email, theres a little portion to rate my customer service. If you could click five stars, it would make my day. Okay. And can I pay with credit card? I believe so, yep. I would confirm that with the scheduling team. Okay. All right. One moment, okay? All right. Hi, Im Chard. How can I help you? Hey, this is Kayla with Shred Nations, and who am I speaking with? This is Kay. Hey, Kay. Im sorry. So Ive got another pre-sold for you. This is Gina. Shes got about three boxes at her residence in Brooklyn. The zip code is 11238. She has agreed to the 189. No problem. All right. Here she is.","DEFINITION: Did the agent ask multiple discovery questions to understand the  customer's needs? Examples of discovery questions: - How many boxes do you have? - What's your zip code? - Is this for business or residence? - When do you need service? - Do you have any electronics to destroy? SCORING OUTPUT FORMAT: { Discovery_float: 0.0,      # Agent asked X questions (0=none, 1.0=15+) No_discovery_float: 0.0,         # Agent didn't ask questions Unknown_float: 0.0            # Unclear if questions were asked } SCORING RULES: discovery_float (agent DID ask questions): - 0.0-0.2: Asked 0-2 questions (minimal) - 0.3-0.5: Asked 3-5 questions (some) - 0.6-0.8: Asked 6-10 questions (good) - 0.9-1.0: Asked 10+ questions (excellent) Not_discovery_float (agent did NOT ask questions): - 0.0-0.2: Asked plenty of questions (not dismissive) - 0.3-0.5: Asked some questions but could have asked more - 0.6-0.8: Asked very few questions - 0.9-1.0: Asked NO questions at all Unknown_float (unclear how many questions): - 0.0-0.2: Transcript clearly shows question count - 0.3-0.5: Some questions visible but transcript incomplete - 0.6+: Cannot determine from transcript EXAMPLE: Transcript: How many boxes? What zip? Business or residence? When needed? → Discovery_float: 0.9 (asked 4 clear questions) → No_discovery_float: 0.05 (agent was asking, not avoiding) → Unknown_float: 0.05 (very clear) → Sum: 1.0 ✓",disco,171,Discovery_float;No_discovery_float;Unknown_float
"Shred Nation, this is Kayla. Yes, this is Robin Freche calling. I am calling because in the course of cleaning out our parents farm, we found several barrels of old business documents my father had. And I think that, are you calling from a Minnesota location or are you in a central? How many boxes or bags do you have to shred? Im sorry, I couldnt hear you. How many boxes or bags do you have to shred? Well, first of all, I need to find if they can be. Weve probably got about maybe eight garbage bags full. Are those like the tall white kitchen garbage bags or like the big black contractor bags? I think the contractor bags. Well, theyre in barrels. Its kind of hard for me to tell. And I did look online to see what, is what can be shredded. Its going to be a mobile truck that comes out to your location and shreds on site for you to witness. What zip code are those in? Its 56292. But I need a chance to tell you whats going on, if thats okay. So were not always at the farm. And some of the things are in plastic bags and some are the old-fashioned blueprint paper, you know, those notepads where they would write you a receipt and there was a duplicate. Are those shreddable? I believe so, yes. Yeah, but Id have to just see here. Let me see. So actually, it looks like I do not have a mobile truck that services the area. So another option would be at the UPS store on Adams Street in Mankato. Theyre going to charge by the pound there. Okay. All right. So how do I know if that can be shredded or not? Ill get you over to them right now for pricing and policy, if youd like. Okay, thank you. You have one moment. Okay.","DEFINITION: Did the agent ask multiple discovery questions to understand the  customer's needs? Examples of discovery questions: - How many boxes do you have? - What's your zip code? - Is this for business or residence? - When do you need service? - Do you have any electronics to destroy? SCORING OUTPUT FORMAT: { Discovery_float: 0.0,      # Agent asked X questions (0=none, 1.0=15+) No_discovery_float: 0.0,         # Agent didn't ask questions Unknown_float: 0.0            # Unclear if questions were asked } SCORING RULES: discovery_float (agent DID ask questions): - 0.0-0.2: Asked 0-2 questions (minimal) - 0.3-0.5: Asked 3-5 questions (some) - 0.6-0.8: Asked 6-10 questions (good) - 0.9-1.0: Asked 10+ questions (excellent) Not_discovery_float (agent did NOT ask questions): - 0.0-0.2: Asked plenty of questions (not dismissive) - 0.3-0.5: Asked some questions but could have asked more - 0.6-0.8: Asked very few questions - 0.9-1.0: Asked NO questions at all Unknown_float (unclear how many questions): - 0.0-0.2: Transcript clearly shows question count - 0.3-0.5: Some questions visible but transcript incomplete - 0.6+: Cannot determine from transcript EXAMPLE: Transcript: How many boxes? What zip? Business or residence? When needed? → Discovery_float: 0.9 (asked 4 clear questions) → No_discovery_float: 0.05 (agent was asking, not avoiding) → Unknown_float: 0.05 (very clear) → Sum: 1.0 ✓",disco,172,Discovery_float;No_discovery_float;Unknown_float
"Thank you for calling Shred Nation. This is Martin. How can I help? Hi, I am going to come by with a couple of boxes for shredding. You guys are open and good to go. The address youre calling for is a drop-off within the UPS, or I could transfer you over there for availability and pricing before you go, if thats okay? Sure. Okay, so we drop off at the UPS. Thats right. Sorry, I should have called over there. No worries. Let me get you on over there. Thank you. I got you. All done.","DEFINITION: Did the agent ask multiple discovery questions to understand the  customer's needs? Examples of discovery questions: - How many boxes do you have? - What's your zip code? - Is this for business or residence? - When do you need service? - Do you have any electronics to destroy? SCORING OUTPUT FORMAT: { Discovery_float: 0.0,      # Agent asked X questions (0=none, 1.0=15+) No_discovery_float: 0.0,         # Agent didn't ask questions Unknown_float: 0.0            # Unclear if questions were asked } SCORING RULES: discovery_float (agent DID ask questions): - 0.0-0.2: Asked 0-2 questions (minimal) - 0.3-0.5: Asked 3-5 questions (some) - 0.6-0.8: Asked 6-10 questions (good) - 0.9-1.0: Asked 10+ questions (excellent) Not_discovery_float (agent did NOT ask questions): - 0.0-0.2: Asked plenty of questions (not dismissive) - 0.3-0.5: Asked some questions but could have asked more - 0.6-0.8: Asked very few questions - 0.9-1.0: Asked NO questions at all Unknown_float (unclear how many questions): - 0.0-0.2: Transcript clearly shows question count - 0.3-0.5: Some questions visible but transcript incomplete - 0.6+: Cannot determine from transcript EXAMPLE: Transcript: How many boxes? What zip? Business or residence? When needed? → Discovery_float: 0.9 (asked 4 clear questions) → No_discovery_float: 0.05 (agent was asking, not avoiding) → Unknown_float: 0.05 (very clear) → Sum: 1.0 ✓",disco,173,Discovery_float;No_discovery_float;Unknown_float
"Hi, this is Katerina OShaughnessy. Can I help you? Hi, Katerina. How are you doing this morning? Im doing good. How are you? Fantastic. Youre located in St. Catharines on 4th Avenue? Thats one of the drop-off locations. Youve actually been routed to the corporate office, but youre referring to the UPS store. Its our drop-off location for 10 boxes in less. Oh, okay. So its the UPS store. Yes, sir. Okay. So whats the cost of shredding? Is it a box? So they do it per pound. Its weighed per pound. I can transfer you to the UPS store if youd like, and they can kind of give you an idea of what that pricing would look like. Would you like me to transfer you? Yes, please. Okay, one second.","DEFINITION: Did the agent ask multiple discovery questions to understand the  customer's needs? Examples of discovery questions: - How many boxes do you have? - What's your zip code? - Is this for business or residence? - When do you need service? - Do you have any electronics to destroy? SCORING OUTPUT FORMAT: { Discovery_float: 0.0,      # Agent asked X questions (0=none, 1.0=15+) No_discovery_float: 0.0,         # Agent didn't ask questions Unknown_float: 0.0            # Unclear if questions were asked } SCORING RULES: discovery_float (agent DID ask questions): - 0.0-0.2: Asked 0-2 questions (minimal) - 0.3-0.5: Asked 3-5 questions (some) - 0.6-0.8: Asked 6-10 questions (good) - 0.9-1.0: Asked 10+ questions (excellent) Not_discovery_float (agent did NOT ask questions): - 0.0-0.2: Asked plenty of questions (not dismissive) - 0.3-0.5: Asked some questions but could have asked more - 0.6-0.8: Asked very few questions - 0.9-1.0: Asked NO questions at all Unknown_float (unclear how many questions): - 0.0-0.2: Transcript clearly shows question count - 0.3-0.5: Some questions visible but transcript incomplete - 0.6+: Cannot determine from transcript EXAMPLE: Transcript: How many boxes? What zip? Business or residence? When needed? → Discovery_float: 0.9 (asked 4 clear questions) → No_discovery_float: 0.05 (agent was asking, not avoiding) → Unknown_float: 0.05 (very clear) → Sum: 1.0 ✓",disco,174,Discovery_float;No_discovery_float;Unknown_float
"Hi, this is Katerina from Shred Nations. Can I help you? Hi, Katerina. This is Marilyn Kaiser calling. I spoke to someone on Saturday, and she said that someone was supposed to get back to me yesterday, but I never heard from anybody. Okay. All right. Let me see. My name is Marilyn Kaiser, K-E-Y-S-E-R. Yeah, I see you here in our system. Let me just take a quick look and see who we got you in touch with. Okay, yeah. So, yeah, let me look and see what we have in your area. You just have four to five boxes at your residence, correct? It may be a little bit more than that. I cant tell because we put everything in these big bins. So, Im thinking maybe five, six boxes, but theyre not in boxes. Okay. Are they in bags? Nope. Its all in boxes. Its all in totes, big totes. Okay. Did you need on-site shredding, or would you be okay with off-site shredding? I would like on-site, if possible. Okay. So, Id have to call the one provider. I dont think theyve reached that back out yet. Do you mind if I put you in a brief hold, and Ill try calling him again real quick? No problem. Thank you. Youre welcome. Youve reached the office of Rob Schager. Please leave a message with your name, phone number, and the purpose of your call, and I will return your call as soon as possible. Okay. Sorry about that. Yeah, I went straight to his voicemail. So, at this point, yeah, I see Jacqueline did put the notes in. We are waiting for someone to give us a call back because theres no providers popping up in that specific area of New York. Okay. Because someone called me from a toy number. Okay. That could have been one of us. I mean, Im not sure. But all I know is that... Yeah, were waiting to hear back from the provider to see if theyd be willing to take on the job because they dont usually go in that area. All right. So, Ill save your info in here, and then, I mean, when Jacqueline hears back, shell definitely reach out to you. Okay. So, what youre saying is that you have nobody in this area to do this? Yeah. As of right now, no. Okay. I have somebody... Someone else I could call that is local. Okay. Okay. Maybe I could do that instead. Yeah, I would try looking around for other companies just in case because we dont have anyone in that area in our network. Im sorry. All right. Thank you for your help. Youre welcome. Bye-bye. Bye. Bye.","DEFINITION: Did the agent ask multiple discovery questions to understand the  customer's needs? Examples of discovery questions: - How many boxes do you have? - What's your zip code? - Is this for business or residence? - When do you need service? - Do you have any electronics to destroy? SCORING OUTPUT FORMAT: { Discovery_float: 0.0,      # Agent asked X questions (0=none, 1.0=15+) No_discovery_float: 0.0,         # Agent didn't ask questions Unknown_float: 0.0            # Unclear if questions were asked } SCORING RULES: discovery_float (agent DID ask questions): - 0.0-0.2: Asked 0-2 questions (minimal) - 0.3-0.5: Asked 3-5 questions (some) - 0.6-0.8: Asked 6-10 questions (good) - 0.9-1.0: Asked 10+ questions (excellent) Not_discovery_float (agent did NOT ask questions): - 0.0-0.2: Asked plenty of questions (not dismissive) - 0.3-0.5: Asked some questions but could have asked more - 0.6-0.8: Asked very few questions - 0.9-1.0: Asked NO questions at all Unknown_float (unclear how many questions): - 0.0-0.2: Transcript clearly shows question count - 0.3-0.5: Some questions visible but transcript incomplete - 0.6+: Cannot determine from transcript EXAMPLE: Transcript: How many boxes? What zip? Business or residence? When needed? → Discovery_float: 0.9 (asked 4 clear questions) → No_discovery_float: 0.05 (agent was asking, not avoiding) → Unknown_float: 0.05 (very clear) → Sum: 1.0 ✓",disco,175,Discovery_float;No_discovery_float;Unknown_float
"Shred Nations, this is Kayla. Hello, my name is William Keller. Ive been in touch online. I wanted to see if I could confirm some reservations for shredding at my office. Yeah, is this a one-time purge or ongoing services? Its a one-time or cleaning out an office to move. Okay, and what zip code is that and how many boxes do you have? Its 24014, and the boxes are probably about, I dont know if there will be more than 10, 10 to 12 maybe, somewhere in there. Okay, 10 to 12. All right, and theyre out of business over in Renault, zip code 24014? Yes. Like I said, theres probably some online notes. Yeah, so it looks like I have two trucks that service the area. So Im just going to confirm your contact info quick, and youll get two quotes. You can go with whichever ones best for your budget as well as your schedule. Whats the name of the business? Bill Keller Insurance. Bill Keller? Yeah, Bill Keller Insurance. All right, and your name is William Keller? Yes. Okay, perfect. And then just a good email address, please, for the quotes. Okay, its the same one youve been emailing me at. Its bkmail12 at gmail.com. Thats M-A-I-L. Uh-huh, M-A-I-L. M-A-I-L. M-A-I-L. M-A-I-L. M-A-I-L. M-A-I-L. M-A-I-L. M-A-I-L. M-A-I-L. M-A-I-L. M-A-I-L. M-A-I-L. At gmail.com? Mm-hmm. At gmail.com, yeah. Okay, bkmail12 at gmail.com. All right, perfect. Yeah. Lets see. I will go ahead and get this over to those two trucks. You will get the two different quotes. Go with whichever ones best. And then Ill send you a follow-up email with the direct phone number for the truck. That way, if you need it in the future, you have it. Okay. And then I did just send you a quick text message just to rate my customer service. As far as it would make my day. Okay. Thank you. Absolutely. Have a great day. Okay. Bye. Bye-bye. Bye.","DEFINITION: Did the agent ask multiple discovery questions to understand the  customer's needs? Examples of discovery questions: - How many boxes do you have? - What's your zip code? - Is this for business or residence? - When do you need service? - Do you have any electronics to destroy? SCORING OUTPUT FORMAT: { Discovery_float: 0.0,      # Agent asked X questions (0=none, 1.0=15+) No_discovery_float: 0.0,         # Agent didn't ask questions Unknown_float: 0.0            # Unclear if questions were asked } SCORING RULES: discovery_float (agent DID ask questions): - 0.0-0.2: Asked 0-2 questions (minimal) - 0.3-0.5: Asked 3-5 questions (some) - 0.6-0.8: Asked 6-10 questions (good) - 0.9-1.0: Asked 10+ questions (excellent) Not_discovery_float (agent did NOT ask questions): - 0.0-0.2: Asked plenty of questions (not dismissive) - 0.3-0.5: Asked some questions but could have asked more - 0.6-0.8: Asked very few questions - 0.9-1.0: Asked NO questions at all Unknown_float (unclear how many questions): - 0.0-0.2: Transcript clearly shows question count - 0.3-0.5: Some questions visible but transcript incomplete - 0.6+: Cannot determine from transcript EXAMPLE: Transcript: How many boxes? What zip? Business or residence? When needed? → Discovery_float: 0.9 (asked 4 clear questions) → No_discovery_float: 0.05 (agent was asking, not avoiding) → Unknown_float: 0.05 (very clear) → Sum: 1.0 ✓",disco,176,Discovery_float;No_discovery_float;Unknown_float
"Hi, this is Katerina with Shred Nations. Can I help you? Yes, good morning. I have tons of financial documents from my parents who passed away within the last three years. Okay. Is it something that I can put in the shredder myself, or is it something where I just leave a box and you guys do it? It really just depends. How many bags or boxes do you currently have to shred? Well, I have a full box, you know, one of those W.B. Mason paper boxes. Theres 10 ranges. Thats filled with papers. Okay, so the UPS store is for three boxes or less. You can go into the UPS store, but youd be hand-feeding it into a locked trash can, and they would shred at a later time. Okay. Alternatively, we have the option. We have the option of a mobile truck service that can come out to you and shred everything on a scheduled date. The range for the price is between, like, $100 to $195. Wow. No, I dont have that much. Yeah. All right. Ill have to keep looking into it. Its a lot, but its not that much just to throw in. My shredder keeps getting clogged up. I have a, you know, just not a commercial shredder. And I have to keep taking it apart and pulling the paper out, so its a pain in the butt. Yeah. Yeah, I understand. Okay. Ill keep researching, because Id like to do it myself. Id like to find a place where I can just take the papers and throw it into a machine myself. Yeah, no, I understand. I know that there are companies that offer that. It is within our network. I dont see anyone that offers that service, but there are companies that do allow people to just drop off stuff. So if you keep looking, Im sure youll be able to find someone. All right. Thanks so much. Youre welcome. Bye-bye. Bye. Have a good day. You too. Bye.","DEFINITION: Did the agent ask multiple discovery questions to understand the  customer's needs? Examples of discovery questions: - How many boxes do you have? - What's your zip code? - Is this for business or residence? - When do you need service? - Do you have any electronics to destroy? SCORING OUTPUT FORMAT: { Discovery_float: 0.0,      # Agent asked X questions (0=none, 1.0=15+) No_discovery_float: 0.0,         # Agent didn't ask questions Unknown_float: 0.0            # Unclear if questions were asked } SCORING RULES: discovery_float (agent DID ask questions): - 0.0-0.2: Asked 0-2 questions (minimal) - 0.3-0.5: Asked 3-5 questions (some) - 0.6-0.8: Asked 6-10 questions (good) - 0.9-1.0: Asked 10+ questions (excellent) Not_discovery_float (agent did NOT ask questions): - 0.0-0.2: Asked plenty of questions (not dismissive) - 0.3-0.5: Asked some questions but could have asked more - 0.6-0.8: Asked very few questions - 0.9-1.0: Asked NO questions at all Unknown_float (unclear how many questions): - 0.0-0.2: Transcript clearly shows question count - 0.3-0.5: Some questions visible but transcript incomplete - 0.6+: Cannot determine from transcript EXAMPLE: Transcript: How many boxes? What zip? Business or residence? When needed? → Discovery_float: 0.9 (asked 4 clear questions) → No_discovery_float: 0.05 (agent was asking, not avoiding) → Unknown_float: 0.05 (very clear) → Sum: 1.0 ✓",disco,177,Discovery_float;No_discovery_float;Unknown_float
"Thank you for calling Shred Nations. This is Kylie. How can I help you? Hi, my name is Ariel. Im with the Urban League of Metropolitan St. Louis. And I was calling to see if we could get some boxes picked up and shredded. Of course. This will be our first time. Im sorry. Go ahead. Yeah. Sorry, I was just asking you, how many boxes of documents do you have? We have 137 boxes. Okay. And whats your zip code, please? Get that real quick. Its going to be 63113. Okay. So I can go ahead and get you a couple quotes. I just have to verify some contact information. And then they would be able to call you back with some pricing and available dates. Okay. Okay. Can you please spell your first and last name for me? Yes. Its Ariel, A-R-I-E-L-L-E, last name Tomstall, T-U-N-S-T-A-L-L. Okay. And how do you spell your first name again? Im so sorry. A-R-I-E-L-L-E. Okay. And then whats the name of the business? Its Urban League of Metropolitan St. Louis. Okay. Okay. Is this the best phone number to reach you? Yes. Okay. And then the last thing that I would need from you is just a good email. Okay. Okay. My email, lets see, its going to be, oh, yeah, its going to be first initial A, last name Tomstall, at Urban League dash S-T-L. Dot org. Okay. So that was A-T-U-N-S-T-A-L-L at Urban League dash S-T-L dot org. Correct. Okay. Im going to send you over an email with the Shredders contact information. That way you know whos going to contact you with pricing. There will be a section for you to rate my customer service. If you could do that for me, its greatly appreciated. And then they will go ahead and give you a call. Youll get two quotes to work with. Okay? Okay. Thank you. All righty. Youre welcome. Thank you. Have a great day. You too. Bye. Bye-bye. Bye-bye. Bye-bye.","DEFINITION: Did the agent ask multiple discovery questions to understand the  customer's needs? Examples of discovery questions: - How many boxes do you have? - What's your zip code? - Is this for business or residence? - When do you need service? - Do you have any electronics to destroy? SCORING OUTPUT FORMAT: { Discovery_float: 0.0,      # Agent asked X questions (0=none, 1.0=15+) No_discovery_float: 0.0,         # Agent didn't ask questions Unknown_float: 0.0            # Unclear if questions were asked } SCORING RULES: discovery_float (agent DID ask questions): - 0.0-0.2: Asked 0-2 questions (minimal) - 0.3-0.5: Asked 3-5 questions (some) - 0.6-0.8: Asked 6-10 questions (good) - 0.9-1.0: Asked 10+ questions (excellent) Not_discovery_float (agent did NOT ask questions): - 0.0-0.2: Asked plenty of questions (not dismissive) - 0.3-0.5: Asked some questions but could have asked more - 0.6-0.8: Asked very few questions - 0.9-1.0: Asked NO questions at all Unknown_float (unclear how many questions): - 0.0-0.2: Transcript clearly shows question count - 0.3-0.5: Some questions visible but transcript incomplete - 0.6+: Cannot determine from transcript EXAMPLE: Transcript: How many boxes? What zip? Business or residence? When needed? → Discovery_float: 0.9 (asked 4 clear questions) → No_discovery_float: 0.05 (agent was asking, not avoiding) → Unknown_float: 0.05 (very clear) → Sum: 1.0 ✓",disco,178,Discovery_float;No_discovery_float;Unknown_float
"Thank you for calling Shred Nations. This is Martin. How can I help? Hey, how are you? I wanted some information about your services that you offer for shredding. Yeah. How many boxes of paper are you trying to shred roughly? So I guess like I dont, I call it like a few other places to try to get quotes. Um, so what, what Im trying to do is theres probably going to be at least maybe like 96 gallon. I know thatll be full. So I just dont know if you, I thought about just getting a shred then, buying one, or if you provide them, that would be great. I dont know if you do mobile shredding or if you just, if I come to the site, Im just trying to figure out how that functions. I dont know anything. Yeah. We offer truck services that go to you. They only drop off in there if its for ongoing service. So if youre looking for like something monthly, but if you could fill up one of those bins worth of paper, thats about 10 boxes worth roughly, roughly how much you think youre going to have, or maybe double that, triple that. Um, it wouldnt. So whatever goes in that bin, I dont know. Its just about, uh, so maybe one of those bins. Yeah. Maybe one is, yeah, because like, well, when you say boxes, like what are the parameters of the boxes? Thats why Im kind of confused. What you buy paper in. So when you go to Office Mac or Office Depot, you buy paper in a box thats the size. Oh, youre talking about that. Yeah. We could also use lawn bags, kitchen bags. Were just trying to figure out the volume, but since you mentioned one of those 96 gallon bins, one of them holds about 300 pounds. So if you end up having two, that could be close to six. 600 pounds. So if youre anywhere in that range, I could have them give you a quote for that amount. Um, so lets do the one because see, I didnt know that you could just bring the bags up there. Thats different. Yeah. And then whats the zip code where you would need service? 63136. Okay. For a business, you said? Um, its for a small business. Yeah. And then, um, Oh, Im sorry. Uh, can you say that again? How about any hard drives, laptops or cell phones at all? No. All right. Perfect. Nothing does that magnitude. This is just all paper. Got you. For this amount, I do have a couple of shredders that route there. Could I gather some contact information and have them call you back with pricing and available dates? Um, I really kind of needed to know, um, or if I just drop it off, what is the, whats your standard shredding? Just for, to drop off, we refer to the UPS stores over there. You can only take up, up to 90 pounds of paper and youre going to have to individually feed a couple of sheets at a time into a locked bin there. So if youre anticipating about 300 pounds of paper, the truck service is going to be the way to go. Okay. Okay. So youre, you just have a shred bin thats on a site at UPS. Okay. I misunderstood. Correct. Oh, okay. Yeah. I didnt know that. I thought you, uh, okay. So thats what youre talking about. Okay. So youre, you just have a shred bin thats on a site at UPS. Okay. So thats why you were like, somebody has to come out to you and vice versa. Okay. Correct. So, um, yeah, because I needed it for my, uh, for my small business and residential. Gotcha. Um, I could have them go to the residence if youd like, or business, which do you prefer? Some of them dont go to either or. Yeah. Well, I needed the pricing for both. So thats why I was, uh, So well do residential. Well, I could just get the residence. Okay. Yeah. That way in case its business, they can also go to you. Um, but Ill gather your info and theyll call you back. Whats the best callback number? 314-786-2821. Your first and last name? Uh, my name is Carmen. Carmen? Uh huh. And your last name? Um, I dont know if Im using a service, so is it just so you can create a profile? Your last initial, I just do need to put that down. Yeah. J. J is fine. J. Thank you. And last thing would be your email. Okay. You can do CJs Cakes and Desserts. Im sorry. My, oh my Jesus, I cant even get it out. MyCJsCakesandatgmail.com. Sorry about that. Cakes is plural or singular? Plural. So MyCJsCakesatgmail.com. At gmail. Thank you. Im going to put you on a brief hold and Im going to get you on over to the shredder for pricing. Ill email you their information. Oh, okay. Sorry about that. No worries. Ill email you their information as well so youre aware of who youll be working with if so. And I hope you have a great rest of your day. Okay. Hold the line please. You too sir. Thanks. Your call has been forwarded to voicemail. The person youre trying to reach is not available. At the tone, please record your message. When you have finished recording, you may hang up. The shredder is tying up with the customer. Ill email you their information. Okay. Ill send you their information now and theyll be calling you as soon as they can. Do you know what the turnaround time is? I dont unfortunately. It shouldnt be too much longer for them to do so though. All right. Thanks. Okay.","DEFINITION: Did the agent ask multiple discovery questions to understand the  customer's needs? Examples of discovery questions: - How many boxes do you have? - What's your zip code? - Is this for business or residence? - When do you need service? - Do you have any electronics to destroy? SCORING OUTPUT FORMAT: { Discovery_float: 0.0,      # Agent asked X questions (0=none, 1.0=15+) No_discovery_float: 0.0,         # Agent didn't ask questions Unknown_float: 0.0            # Unclear if questions were asked } SCORING RULES: discovery_float (agent DID ask questions): - 0.0-0.2: Asked 0-2 questions (minimal) - 0.3-0.5: Asked 3-5 questions (some) - 0.6-0.8: Asked 6-10 questions (good) - 0.9-1.0: Asked 10+ questions (excellent) Not_discovery_float (agent did NOT ask questions): - 0.0-0.2: Asked plenty of questions (not dismissive) - 0.3-0.5: Asked some questions but could have asked more - 0.6-0.8: Asked very few questions - 0.9-1.0: Asked NO questions at all Unknown_float (unclear how many questions): - 0.0-0.2: Transcript clearly shows question count - 0.3-0.5: Some questions visible but transcript incomplete - 0.6+: Cannot determine from transcript EXAMPLE: Transcript: How many boxes? What zip? Business or residence? When needed? → Discovery_float: 0.9 (asked 4 clear questions) → No_discovery_float: 0.05 (agent was asking, not avoiding) → Unknown_float: 0.05 (very clear) → Sum: 1.0 ✓",disco,179,Discovery_float;No_discovery_float;Unknown_float
"Hi, this is Katerina with Shred Nations. Can I help you? Hi, Katerina. I live in Milford, Connecticut, and apparently you have a place on Cherry Street in Milford. And I wanted to get – I have some questions. I need some stuff shredded. Do I just, like, drop it off? Yeah, so how many boxes do you have? Im sorry. Well, I dont know yet for sure. Im just asking questions. Okay, so the drop-off service is meant for, like, small volumes, typically, like, three boxes or less or three bags or less. If you have more than that, then it would be a mobile truck service that comes out to your house on a scheduled date and shreds everything right in front of you. Okay, so why dont you give me the prices on both that? Im not sure how much Ill have. Okay, so by three bags, you mean, like, big garbage bags? Yeah, like the black – yeah, the black lawn and leaf bags. Okay, I dont think I have more than that. I know I dont have more than that, so. Okay, so then Im going to transfer you to the UPS store so they can give you an idea of what their price per pound would be. Is that okay? Oh, no, Ive already talked to the UPS store. I got their prices. Are you the same people? Yeah, theyre our drop-off service. We offer more of a mobile truck service. It ranges between, like, $100 to $195 for the first few boxes, just to kind of give you an idea. But really, to get you an accurate – $100 to $195. To get you an accurate quote, I do need a volume, though. Its kind of hard to assess a situation without a volume. Sure, I understand. Okay, well, you know what? I think you gave me some good information. Okay. Ill have to put my stuff together and really see how much I have. Okay. Yeah, and like I said, if you exceed those three boxes, youre more than welcome to give us a call back, and we could definitely go over what options would be available to you, okay? Perfect. Thanks so much. Yeah, not a problem. Have a good day. You too. Bye-bye. Bye.","DEFINITION: Did the agent ask multiple discovery questions to understand the  customer's needs? Examples of discovery questions: - How many boxes do you have? - What's your zip code? - Is this for business or residence? - When do you need service? - Do you have any electronics to destroy? SCORING OUTPUT FORMAT: { Discovery_float: 0.0,      # Agent asked X questions (0=none, 1.0=15+) No_discovery_float: 0.0,         # Agent didn't ask questions Unknown_float: 0.0            # Unclear if questions were asked } SCORING RULES: discovery_float (agent DID ask questions): - 0.0-0.2: Asked 0-2 questions (minimal) - 0.3-0.5: Asked 3-5 questions (some) - 0.6-0.8: Asked 6-10 questions (good) - 0.9-1.0: Asked 10+ questions (excellent) Not_discovery_float (agent did NOT ask questions): - 0.0-0.2: Asked plenty of questions (not dismissive) - 0.3-0.5: Asked some questions but could have asked more - 0.6-0.8: Asked very few questions - 0.9-1.0: Asked NO questions at all Unknown_float (unclear how many questions): - 0.0-0.2: Transcript clearly shows question count - 0.3-0.5: Some questions visible but transcript incomplete - 0.6+: Cannot determine from transcript EXAMPLE: Transcript: How many boxes? What zip? Business or residence? When needed? → Discovery_float: 0.9 (asked 4 clear questions) → No_discovery_float: 0.05 (agent was asking, not avoiding) → Unknown_float: 0.05 (very clear) → Sum: 1.0 ✓",disco,180,Discovery_float;No_discovery_float;Unknown_float
"Thank you for calling Shred Nation. This is Martin Hockenau. Hi, is it Mark? Martin, M-A-R-T-I-N. Martin, Im sorry. Tim Johannes, Independent Insurance Consultants. Martin, Im looking for somebody to come in and shred some files for me. Were closing our office, so its something that I would like a container for a couple weeks, if we can, to fill it as we go through files and stuff. You guys have one? Go ahead. Whats your zip code, sorry? 56304. Four, thank you. So one of those 95-gallon bins would hold up to 10 boxes worth of paper. How many times would you say you could fill that bin up? Okay, so when you say a bin, is that about the size of a recycling bin or a garbage can? I think thats a 10. Yeah, that size. It holds about 10 boxes worth of paper. About 300 pounds of paper. So if you had one, thats about that much. Or if you have three, thats about 30 boxes. Im going to need probably two. Okay. So what I will do is I do have a shred of that routes there. Ill gather some contact information, and theyll call you back with pricing and available dates to do this for you, if thats okay. No, thats fine. Whats the best callback number? Im going to give you my cell. Well, no, Im going to be on the road. So Ill give you my office. 320. 6-5-6-5-8-2-8. Thank you. And your first and last name one more time. It is Tim. Last name is Johannes. J-O-H-A-N-N-E-S. Thank you. And last name would be your email. Lets use I-I-C at independentinsuranceconsultants, plural, .com. Or .org, excuse me. Ive got a couple. .org. Got you. Let me see. Just to confirm the first part, I-I-C? Igloo, igloo? Three letters, I-I-C at independentinsuranceconsultants.org. Thank you. What Ill do is Im going to email you there the shredders phone numbers. Youre aware of who will be calling you with pricing. Itll ask you to rate my service. Again, my name is Martin. I would appreciate you and hope you have a great week. Thank you, Martin. Thank you, Martin. I greatly appreciate it. Have a great day, okay? Thank you. Take care, my friend.","DEFINITION: Did the agent ask multiple discovery questions to understand the  customer's needs? Examples of discovery questions: - How many boxes do you have? - What's your zip code? - Is this for business or residence? - When do you need service? - Do you have any electronics to destroy? SCORING OUTPUT FORMAT: { Discovery_float: 0.0,      # Agent asked X questions (0=none, 1.0=15+) No_discovery_float: 0.0,         # Agent didn't ask questions Unknown_float: 0.0            # Unclear if questions were asked } SCORING RULES: discovery_float (agent DID ask questions): - 0.0-0.2: Asked 0-2 questions (minimal) - 0.3-0.5: Asked 3-5 questions (some) - 0.6-0.8: Asked 6-10 questions (good) - 0.9-1.0: Asked 10+ questions (excellent) Not_discovery_float (agent did NOT ask questions): - 0.0-0.2: Asked plenty of questions (not dismissive) - 0.3-0.5: Asked some questions but could have asked more - 0.6-0.8: Asked very few questions - 0.9-1.0: Asked NO questions at all Unknown_float (unclear how many questions): - 0.0-0.2: Transcript clearly shows question count - 0.3-0.5: Some questions visible but transcript incomplete - 0.6+: Cannot determine from transcript EXAMPLE: Transcript: How many boxes? What zip? Business or residence? When needed? → Discovery_float: 0.9 (asked 4 clear questions) → No_discovery_float: 0.05 (agent was asking, not avoiding) → Unknown_float: 0.05 (very clear) → Sum: 1.0 ✓",disco,181,Discovery_float;No_discovery_float;Unknown_float
"Hi, this is Katerina with Shred Nations. Can I help you? Yes. Can you give me pricing, please? I have 14 boxes, file boxes, and theyre the regular size paper, not legal size. Yeah, I can help you with that. Whats your zip code? 23860. And are your boxes at a residence or a business? Its at a residence. Okay. Do you have a place or do you guys come to me? I have a trucking company that would come to you. They charge $289. Okay. Thats a lot for 14 boxes. Okay, then. I didnt know if you had a place or not. Yeah, no, not with that much volume. Im sorry. Okay. Thank you. Youre welcome. Bye-bye.","DEFINITION: Did the agent ask multiple discovery questions to understand the  customer's needs? Examples of discovery questions: - How many boxes do you have? - What's your zip code? - Is this for business or residence? - When do you need service? - Do you have any electronics to destroy? SCORING OUTPUT FORMAT: { Discovery_float: 0.0,      # Agent asked X questions (0=none, 1.0=15+) No_discovery_float: 0.0,         # Agent didn't ask questions Unknown_float: 0.0            # Unclear if questions were asked } SCORING RULES: discovery_float (agent DID ask questions): - 0.0-0.2: Asked 0-2 questions (minimal) - 0.3-0.5: Asked 3-5 questions (some) - 0.6-0.8: Asked 6-10 questions (good) - 0.9-1.0: Asked 10+ questions (excellent) Not_discovery_float (agent did NOT ask questions): - 0.0-0.2: Asked plenty of questions (not dismissive) - 0.3-0.5: Asked some questions but could have asked more - 0.6-0.8: Asked very few questions - 0.9-1.0: Asked NO questions at all Unknown_float (unclear how many questions): - 0.0-0.2: Transcript clearly shows question count - 0.3-0.5: Some questions visible but transcript incomplete - 0.6+: Cannot determine from transcript EXAMPLE: Transcript: How many boxes? What zip? Business or residence? When needed? → Discovery_float: 0.9 (asked 4 clear questions) → No_discovery_float: 0.05 (agent was asking, not avoiding) → Unknown_float: 0.05 (very clear) → Sum: 1.0 ✓",disco,182,Discovery_float;No_discovery_float;Unknown_float
"Thank you for calling Shed Nation. This is Kylie. How can I help you? Yes, hi. I need to speak with a business manager. Okay, what is this in regards to? Its in regards to an existing business account. I dont mind holding. Okay.","DEFINITION: Did the agent ask multiple discovery questions to understand the  customer's needs? Examples of discovery questions: - How many boxes do you have? - What's your zip code? - Is this for business or residence? - When do you need service? - Do you have any electronics to destroy? SCORING OUTPUT FORMAT: { Discovery_float: 0.0,      # Agent asked X questions (0=none, 1.0=15+) No_discovery_float: 0.0,         # Agent didn't ask questions Unknown_float: 0.0            # Unclear if questions were asked } SCORING RULES: discovery_float (agent DID ask questions): - 0.0-0.2: Asked 0-2 questions (minimal) - 0.3-0.5: Asked 3-5 questions (some) - 0.6-0.8: Asked 6-10 questions (good) - 0.9-1.0: Asked 10+ questions (excellent) Not_discovery_float (agent did NOT ask questions): - 0.0-0.2: Asked plenty of questions (not dismissive) - 0.3-0.5: Asked some questions but could have asked more - 0.6-0.8: Asked very few questions - 0.9-1.0: Asked NO questions at all Unknown_float (unclear how many questions): - 0.0-0.2: Transcript clearly shows question count - 0.3-0.5: Some questions visible but transcript incomplete - 0.6+: Cannot determine from transcript EXAMPLE: Transcript: How many boxes? What zip? Business or residence? When needed? → Discovery_float: 0.9 (asked 4 clear questions) → No_discovery_float: 0.05 (agent was asking, not avoiding) → Unknown_float: 0.05 (very clear) → Sum: 1.0 ✓",disco,183,Discovery_float;No_discovery_float;Unknown_float
"Hi, this is Katerina with Shred Nations. Can I help you? Hi, Katerina. Im Jose. I just want to know if I can bring some documents to shred at the location? So you wouldnt get to witness the shredding. It would be put into a locked trash can. Youd hand feed it into like a locked trash can, and they would shred at a later time for the drop-off service. Alternatively, if you need to witness the shredding, we do have a mobile truck service. Okay, no, Ill bring it up. The thing is that you have some personal information in the document. And I want to know like how safe it is. Like nobodys going to read the document? Thats my question. I mean, I dont know how UPS does their, I just know that they put it into a locked trash can. Thats all I know. Obviously, theres nothing more secure than just watching your paper be shredding or shredded. So thats where a mobile truck service would come in. But UPS, each ones franchised. I dont have that one. Its just documents. Its just like a bag of papers. Okay. How about this? Do you mind if I transfer you to the UPS store, and they can kind of go over their process with you and let you know how it works? No, its okay. No, I just wanted to know how well services you offer. Thank you so much. Yeah, not a problem. Have a great day. You too. Bye.","DEFINITION: Did the agent ask multiple discovery questions to understand the  customer's needs? Examples of discovery questions: - How many boxes do you have? - What's your zip code? - Is this for business or residence? - When do you need service? - Do you have any electronics to destroy? SCORING OUTPUT FORMAT: { Discovery_float: 0.0,      # Agent asked X questions (0=none, 1.0=15+) No_discovery_float: 0.0,         # Agent didn't ask questions Unknown_float: 0.0            # Unclear if questions were asked } SCORING RULES: discovery_float (agent DID ask questions): - 0.0-0.2: Asked 0-2 questions (minimal) - 0.3-0.5: Asked 3-5 questions (some) - 0.6-0.8: Asked 6-10 questions (good) - 0.9-1.0: Asked 10+ questions (excellent) Not_discovery_float (agent did NOT ask questions): - 0.0-0.2: Asked plenty of questions (not dismissive) - 0.3-0.5: Asked some questions but could have asked more - 0.6-0.8: Asked very few questions - 0.9-1.0: Asked NO questions at all Unknown_float (unclear how many questions): - 0.0-0.2: Transcript clearly shows question count - 0.3-0.5: Some questions visible but transcript incomplete - 0.6+: Cannot determine from transcript EXAMPLE: Transcript: How many boxes? What zip? Business or residence? When needed? → Discovery_float: 0.9 (asked 4 clear questions) → No_discovery_float: 0.05 (agent was asking, not avoiding) → Unknown_float: 0.05 (very clear) → Sum: 1.0 ✓",disco,184,Discovery_float;No_discovery_float;Unknown_float
"Thank you for calling Shred Nations. This is Kylie. How can I help you? Hi, this is Peyton Kirk with Mid-Atlantic Companies in Virginia Beach, Virginia. I need a one-time mobile shredder to come out of the office. Okay, whats your zip code? 23430. Okay, and how many boxes do you have? Lets see, its probably going to be 20 file boxes, maybe. Maybe 30. Okay, 20 to 30. And this is at a business location? Yeah, we had a fire and we have a bunch of payroll documents that we need shredded. Okay, yeah, I have a shredder that routes your area so I can verify your information and then I can have them call you with their pricing and available date. Perfect, okay. Okay, can you please spell your first and last name? My first name is Peyton, P-A-Y-T-O-N, last name Cook, C-O-O-K. And the name of the business? The name of the business is Mid-Atlantic Companies. Okay, and then is this the best phone number to reach you? Yes, to 770-1378, yes. Okay, and then last thing I need is just your email, please. The street address? No, no, your email. Oh, Im sorry. Its Peyton, C-P-A-Y-T-O-N-C at M-A-C-O.com. Okay, so Ill send you over the email with their contact information. There is a section for you. Well, actually, I just text you a link to rate my customer service. If you have a second to do that for me, thats super helpful. And then Ill just send this information over to the shredder, and theyll call you back soon with a quote, okay? Fantastic. Okay, I appreciate that. All righty. Thank you. Have a great day. All right, thanks. Uh-huh. Bye. Bye. Bye. Bye. Bye. Bye. Bye. Bye. Bye. Bye. Bye. Bye. Bye. Bye. Bye. Bye. Bye. Bye. Bye. Bye. Bye. Bye.","DEFINITION: Did the agent ask multiple discovery questions to understand the  customer's needs? Examples of discovery questions: - How many boxes do you have? - What's your zip code? - Is this for business or residence? - When do you need service? - Do you have any electronics to destroy? SCORING OUTPUT FORMAT: { Discovery_float: 0.0,      # Agent asked X questions (0=none, 1.0=15+) No_discovery_float: 0.0,         # Agent didn't ask questions Unknown_float: 0.0            # Unclear if questions were asked } SCORING RULES: discovery_float (agent DID ask questions): - 0.0-0.2: Asked 0-2 questions (minimal) - 0.3-0.5: Asked 3-5 questions (some) - 0.6-0.8: Asked 6-10 questions (good) - 0.9-1.0: Asked 10+ questions (excellent) Not_discovery_float (agent did NOT ask questions): - 0.0-0.2: Asked plenty of questions (not dismissive) - 0.3-0.5: Asked some questions but could have asked more - 0.6-0.8: Asked very few questions - 0.9-1.0: Asked NO questions at all Unknown_float (unclear how many questions): - 0.0-0.2: Transcript clearly shows question count - 0.3-0.5: Some questions visible but transcript incomplete - 0.6+: Cannot determine from transcript EXAMPLE: Transcript: How many boxes? What zip? Business or residence? When needed? → Discovery_float: 0.9 (asked 4 clear questions) → No_discovery_float: 0.05 (agent was asking, not avoiding) → Unknown_float: 0.05 (very clear) → Sum: 1.0 ✓",disco,185,Discovery_float;No_discovery_float;Unknown_float
"Shred Nations, this is Kayla. Oh, hi, Kayla. This is Mary Gardner. Im not sure if it was your company or another one, but last year when we moved into this house, we had somebody come out with a truck and they shredded several documents on site. Yeah, how many boxes of bags do you have? Well, first of all, can I just ask, do you keep a record when you make calls like that so we can just see if were talking to the same company? Um, lets see here. I dont have anything for this phone number. Oh, okay. Im, when they came out, they brought a big trash can to my garage door. And we basically got everything in one can. Okay. So can you give me an estimate on how much that would be? Yeah, how many boxes or bags do you have and what zip code are they in? Five, five, one, oh, nine. And I think its probably about four drawer file cabinets size. Okay. And so theres four total drawers? Right. Okay. The vertical filing cabinets. All right. And these are at your residence, correct? Yeah. All right. Shucks. It looks like, unfortunately, uh, unfortunately, I do not have a truck that services the area. If youd like, I can take down your contact info and have my sales team look into it a little bit further, see if we can find somebody to help you out. No, thats fine. I can do that myself. All right. Im sorry about that. No problem. Thanks so much. Yep. Have a great day. Bye-bye. Bye-bye. You too. Bye-bye. Bye-bye. Bye-bye. Bye-bye. Bye-bye. Bye-bye. Bye-bye. Bye-bye. Bye-bye. Bye-bye. Bye-bye. Bye-bye. Bye-bye. Bye-bye. Bye-bye.","DEFINITION: Did the agent ask multiple discovery questions to understand the  customer's needs? Examples of discovery questions: - How many boxes do you have? - What's your zip code? - Is this for business or residence? - When do you need service? - Do you have any electronics to destroy? SCORING OUTPUT FORMAT: { Discovery_float: 0.0,      # Agent asked X questions (0=none, 1.0=15+) No_discovery_float: 0.0,         # Agent didn't ask questions Unknown_float: 0.0            # Unclear if questions were asked } SCORING RULES: discovery_float (agent DID ask questions): - 0.0-0.2: Asked 0-2 questions (minimal) - 0.3-0.5: Asked 3-5 questions (some) - 0.6-0.8: Asked 6-10 questions (good) - 0.9-1.0: Asked 10+ questions (excellent) Not_discovery_float (agent did NOT ask questions): - 0.0-0.2: Asked plenty of questions (not dismissive) - 0.3-0.5: Asked some questions but could have asked more - 0.6-0.8: Asked very few questions - 0.9-1.0: Asked NO questions at all Unknown_float (unclear how many questions): - 0.0-0.2: Transcript clearly shows question count - 0.3-0.5: Some questions visible but transcript incomplete - 0.6+: Cannot determine from transcript EXAMPLE: Transcript: How many boxes? What zip? Business or residence? When needed? → Discovery_float: 0.9 (asked 4 clear questions) → No_discovery_float: 0.05 (agent was asking, not avoiding) → Unknown_float: 0.05 (very clear) → Sum: 1.0 ✓",disco,186,Discovery_float;No_discovery_float;Unknown_float
"Hi, this is Katerina at Shred Nations. Can I help you? Hi, Katerina. I have about six black garbage bags, about, I dont know, less than half full. Is that something I can just bring to the store and have shredded? Unfortunately, no. With that amount of volume, it would be a mobile truck service that comes out to your house on a scheduled date and shreds everything. I could take a look and see which ones we have available in your area, so I can get you a quote for what that would look like. Okay. What is your zip code where the boxes are at currently, please, or the bags? Its 27278. Thank you. And are these bags at a house or at a business? House. Okay. So the trucking company that I have that does route your particular area, they charge $155. Okay. And then the fee to shred is on top of that? No, that covers them coming out and shredding everything on a scheduled date. So all six bags will come out. Thats how much it would cost for everything. Period. Okay. Lets do that. Okay. Did you want me to, did you want to move forward with scheduling or did you want to think about it? Yes, please. Please. Im sorry. Okay. No, Im good. Okay. Okay. I want to get rid of it. Yeah, of course. Whats your first and last name, please? First name is Pam, P-A-M. And the last name is Der, its D-E-R-R. Appreciate it. And then a good email for you, Pam? Is P-D-E-R-R-L-M-H-C at Gmail. Sorry. Thats okay. Thank you. Okay. Im going to spell it back to you just to make sure. Im going to make sure I got it correctly. I have P as in Peter, D as in dog, E as in Edward, R as in rich, R as in rich, L as in Larry, M as in Mary, H as in Harry, C as in Charlie at gmail.com. Did I get that right? Thats correct. Yes. Okay, great. And then what is your address of where the providers will be picking up the document or the bags? Its 1314 Osley. Its A-U-S-L-I-A. P-N-G-W-A in Hillsboro. Okay. Thank you. All right. Im going to put you on a brief hold, okay, Pam? And Im going to get you transferred over to the schedulers, okay? Okay, great. Thank you so much. Youre welcome. One second. Thank you for calling Shred America. If you could wait on a brief hold, well be with you as soon as possible. Thanks. You are the next caller in line. You may press the star key at any time to leave a voicemail. To request a call back, press 9. Your call may be recorded. Okay. It looks like theyre on the other line, Pam, so Im going to forward over your information to them, and theyll be reaching out to you here shortly to put you on the schedule, okay? That sounds great. All right. Thank you. Thank you. Bye-bye. Bye-bye.","DEFINITION: Did the agent ask multiple discovery questions to understand the  customer's needs? Examples of discovery questions: - How many boxes do you have? - What's your zip code? - Is this for business or residence? - When do you need service? - Do you have any electronics to destroy? SCORING OUTPUT FORMAT: { Discovery_float: 0.0,      # Agent asked X questions (0=none, 1.0=15+) No_discovery_float: 0.0,         # Agent didn't ask questions Unknown_float: 0.0            # Unclear if questions were asked } SCORING RULES: discovery_float (agent DID ask questions): - 0.0-0.2: Asked 0-2 questions (minimal) - 0.3-0.5: Asked 3-5 questions (some) - 0.6-0.8: Asked 6-10 questions (good) - 0.9-1.0: Asked 10+ questions (excellent) Not_discovery_float (agent did NOT ask questions): - 0.0-0.2: Asked plenty of questions (not dismissive) - 0.3-0.5: Asked some questions but could have asked more - 0.6-0.8: Asked very few questions - 0.9-1.0: Asked NO questions at all Unknown_float (unclear how many questions): - 0.0-0.2: Transcript clearly shows question count - 0.3-0.5: Some questions visible but transcript incomplete - 0.6+: Cannot determine from transcript EXAMPLE: Transcript: How many boxes? What zip? Business or residence? When needed? → Discovery_float: 0.9 (asked 4 clear questions) → No_discovery_float: 0.05 (agent was asking, not avoiding) → Unknown_float: 0.05 (very clear) → Sum: 1.0 ✓",disco,187,Discovery_float;No_discovery_float;Unknown_float
"Shred Nations, this is Hedy. How can I help you? Hi, I was trying to reach Kayla. She is on the other line right now, but I can help you out here. What can we do for you? My name is Kim. Im calling with Roto-Rooter Service Company. I was looking for some quotes on doing some shredding in the branch here. Okay, absolutely. I see your form here that you would put in online. How many boxes or bags did you have to be shredded? In all honesty, Im not 100% sure. My GM is talking about possibly opening up options for our employees to bring in personal stuff from home to shred along with what we have. I dont know. Can we get a quote maybe based? Based on possibly 250 boxes. Im not sure on what you guys offer, if its a truck on site, if it has to be removed to be shredded, things of that sort. Yeah, we do have mobile services, and it looks like we do have a truck in your area. Would this more – I guess Im trying to think here what would be the best option. I do have a truck that can do a shredding event, so thats where the truck would stay there for however many hours, and then everyone could bring things in. Or would you want to accumulate all of the boxes and then just have a truck come and do it all at once? Can I get a quote on both options? Because some of it would depend on – I mean, were not in a rush to do it. Im just trying to get this set up for a start and then current. So youre literally shredding after that so that we dont keep accumulating? Yeah, absolutely. And I dont know if it would be a continued thing for all of our employees to do it or just per se, just the company stuff. Okay, gotcha. Let me think here. So if we were wanting to get a quote for, like, the one-time purge, not a shredding event, I would need to know the rough estimate of the volume, the total volume that you would have to be shredded. Or if you just wanted to start with looking at what a shred event would look like, we could go based on that. I would almost think – and you go by, like, the paper box size? Because I think we might be at, give or take, if we were just to get rid of ourselves, maybe a hundred boxes. Okay, gotcha. Okay. Yeah, absolutely. We can definitely go based on that here. Okay. And are there any electronics that need destruction as well, to your knowledge, like hard drives, laptops, cell phones, tablets, or is it just paper? Just paper right now. Okay. We most of the time have to send all of our stuff back to corporate, so. Okay, gotcha. Not a problem. I just have – I have a truck that does both. Thats the only reason that I ask. But I do have two trucks that could do the service for you. So what Ill do here is just confirm the point of contact info you had put in online and make sure we got everything correct, and then well get that sent over to the pricing team so they can each reach out to you with a quote for the hundred boxes there. And then if, you know, youre thinking itll be more volume than that, you know, you can definitely talk over your options there, as long as we know what the minimum would be. All right. So we got your first last name, Roto Rooter Services Company. Mm-hmm. Okay, perfect. And this is the best callback number for you? Yeah, I could give you a cell phone number, too, if you would like. Okay, yeah, up to you. We actually just changed – we just changed our phone lines. Everything is going through Teams now, so its – theres no extension. Okay. Yeah, absolutely. But – Okay. Okay. Okay. Okay. Okay. Okay. Okay. Okay. Okay. Okay. Okay. Okay. Okay. Okay. Okay. Okay. Okay. Okay. Okay. Okay. Okay. Okay. Okay. Okay. The 398 is the office number here. Okay. My cell phone would be 816-654-3238. 3238. All right. And would you like that cell phone as the secondary or the primary phone number? I would probably do it secondary because I dont pick it up if I dont know who you are. Okay, yeah. No, not a problem. Not a problem. So, what well do here, keep an eye out, well send an email over to – its kim.stewart at rrsc.com. Correct. Well send an email over thatll have each of their direct lines just to give reference to whos going to be calling you with a quote for that service. At the bottom of that email, there will be a section to rate our service today. If you dont mind taking a moment to tap the start, its greatly appreciated. But well get that sent over to the pricing teams and theyll be reaching out to you shortly here. Okay. Thank you. All right. Youre very welcome. You have a great rest of your day. You too. Thank you. Bye-bye. Bye. Bye. Bye. Bye. Bye. Bye. Bye. Bye. Bye. Bye. Bye. Bye. Bye. Bye. Bye. Bye. Bye. Bye. Bye. Bye. Bye. Bye. Bye. Bye.","DEFINITION: Did the agent ask multiple discovery questions to understand the  customer's needs? Examples of discovery questions: - How many boxes do you have? - What's your zip code? - Is this for business or residence? - When do you need service? - Do you have any electronics to destroy? SCORING OUTPUT FORMAT: { Discovery_float: 0.0,      # Agent asked X questions (0=none, 1.0=15+) No_discovery_float: 0.0,         # Agent didn't ask questions Unknown_float: 0.0            # Unclear if questions were asked } SCORING RULES: discovery_float (agent DID ask questions): - 0.0-0.2: Asked 0-2 questions (minimal) - 0.3-0.5: Asked 3-5 questions (some) - 0.6-0.8: Asked 6-10 questions (good) - 0.9-1.0: Asked 10+ questions (excellent) Not_discovery_float (agent did NOT ask questions): - 0.0-0.2: Asked plenty of questions (not dismissive) - 0.3-0.5: Asked some questions but could have asked more - 0.6-0.8: Asked very few questions - 0.9-1.0: Asked NO questions at all Unknown_float (unclear how many questions): - 0.0-0.2: Transcript clearly shows question count - 0.3-0.5: Some questions visible but transcript incomplete - 0.6+: Cannot determine from transcript EXAMPLE: Transcript: How many boxes? What zip? Business or residence? When needed? → Discovery_float: 0.9 (asked 4 clear questions) → No_discovery_float: 0.05 (agent was asking, not avoiding) → Unknown_float: 0.05 (very clear) → Sum: 1.0 ✓",disco,188,Discovery_float;No_discovery_float;Unknown_float
"Thank you for calling Shred Nation. This is Kylie. Kylie or Kylie or Kylie. This is Deb Carwell, and I think I just talked to you just a few minutes ago. Anyway, is there a site here that I can, an on-site place that I can take my things to have shredded? We just have drop-off locations. I dont believe we have, I mean, the other option besides drop-off is a mobile truck. Okay, and youre in Camden, Arkansas, is that right? No, Im not. Whats your zip code, and Ill see what there is available for you. Okay, 72401. All right, and this is at your house? Uh-huh. Okay, so we do offer the truck service that comes to you. Do you want me to verify your info so they can call you back with pricing? Yes, thatd be great. Okay, can you please spell your first and last name? Uh-huh, its Deb, Debbie, D-E-B-B-I-E, Carwell, C-A-R-W-E-L-L. Okay, is this the best phone number? Yes. Do you have an email? Yes, CarwellD, as in Debbie, at Yahoo.com. Okay. How many boxes did you want to get a quote for for the truck service? Well, I guess there would be three. At your house, correct? Yes. Okay, perfect. So what Im going to do is Im going to send you over an email with the shredders information. Youll receive a text message to rate my customer service. If you could do that for me, thats greatly appreciated, and then Ill just send this information over to the shredder, and theyll call you back with the quote, okay? Okay. Now, wait. Youre going to send me an email to, what do I need to do? Send it again, Im sorry. Yeah, its just an email. That way you have the shredders direct contact information, so if you do need to reach out to them for any reason, you can. And then the text message is for you to rate my customer service, if you could, please. Okay. All right. Thank you so much. All right. Thank you. Have a great day. You too. Bye-bye. Uh-huh. Bye.","DEFINITION: Did the agent ask multiple discovery questions to understand the  customer's needs? Examples of discovery questions: - How many boxes do you have? - What's your zip code? - Is this for business or residence? - When do you need service? - Do you have any electronics to destroy? SCORING OUTPUT FORMAT: { Discovery_float: 0.0,      # Agent asked X questions (0=none, 1.0=15+) No_discovery_float: 0.0,         # Agent didn't ask questions Unknown_float: 0.0            # Unclear if questions were asked } SCORING RULES: discovery_float (agent DID ask questions): - 0.0-0.2: Asked 0-2 questions (minimal) - 0.3-0.5: Asked 3-5 questions (some) - 0.6-0.8: Asked 6-10 questions (good) - 0.9-1.0: Asked 10+ questions (excellent) Not_discovery_float (agent did NOT ask questions): - 0.0-0.2: Asked plenty of questions (not dismissive) - 0.3-0.5: Asked some questions but could have asked more - 0.6-0.8: Asked very few questions - 0.9-1.0: Asked NO questions at all Unknown_float (unclear how many questions): - 0.0-0.2: Transcript clearly shows question count - 0.3-0.5: Some questions visible but transcript incomplete - 0.6+: Cannot determine from transcript EXAMPLE: Transcript: How many boxes? What zip? Business or residence? When needed? → Discovery_float: 0.9 (asked 4 clear questions) → No_discovery_float: 0.05 (agent was asking, not avoiding) → Unknown_float: 0.05 (very clear) → Sum: 1.0 ✓",disco,189,Discovery_float;No_discovery_float;Unknown_float
"Thank you for calling Shed Nations. This is Kylie. How can I help you? Hi, I was calling to see how much is it per pound to show it? I can transfer you over to the UPS store for their pricing per pound if you have 90 pounds of paper or less. Okay, I do. Okay, whats your zip code? 76134. Okay, and whats your first name? Brittany. Okay. All righty, Im going to transfer you over to the store real quick. If youre calling me from a cell phone, youll receive a text message to rate my customer service. If you could, its greatly appreciated, okay? Okay, thank you. Thank you.","DEFINITION: Did the agent ask multiple discovery questions to understand the  customer's needs? Examples of discovery questions: - How many boxes do you have? - What's your zip code? - Is this for business or residence? - When do you need service? - Do you have any electronics to destroy? SCORING OUTPUT FORMAT: { Discovery_float: 0.0,      # Agent asked X questions (0=none, 1.0=15+) No_discovery_float: 0.0,         # Agent didn't ask questions Unknown_float: 0.0            # Unclear if questions were asked } SCORING RULES: discovery_float (agent DID ask questions): - 0.0-0.2: Asked 0-2 questions (minimal) - 0.3-0.5: Asked 3-5 questions (some) - 0.6-0.8: Asked 6-10 questions (good) - 0.9-1.0: Asked 10+ questions (excellent) Not_discovery_float (agent did NOT ask questions): - 0.0-0.2: Asked plenty of questions (not dismissive) - 0.3-0.5: Asked some questions but could have asked more - 0.6-0.8: Asked very few questions - 0.9-1.0: Asked NO questions at all Unknown_float (unclear how many questions): - 0.0-0.2: Transcript clearly shows question count - 0.3-0.5: Some questions visible but transcript incomplete - 0.6+: Cannot determine from transcript EXAMPLE: Transcript: How many boxes? What zip? Business or residence? When needed? → Discovery_float: 0.9 (asked 4 clear questions) → No_discovery_float: 0.05 (agent was asking, not avoiding) → Unknown_float: 0.05 (very clear) → Sum: 1.0 ✓",disco,190,Discovery_float;No_discovery_float;Unknown_float
"Thank you for calling Shred Nations. This is Kylie. How can I help you? Hi, Kylie. I have about 15 boxes that I need to have shredded today. Im looking for a drop-off location. Okay. Whats your zip code? 03904. Okay. We dont have any drop-off locations for that many boxes. We just offer truck services that come directly to you. How many boxes, I guess, do your locations take? So the best option for drop-off, or the only option, I guess I should say, would be the UPS store, and its for three boxes of documents at a time. Okay. All right. And wheres the closest? I guess I can just look it up. Its any UPS? Yeah. The closest one to you with your zip code is on US Route 1. I can transfer you. Whats your first name? Liz. Okay. If youre calling me from a cell phone, youll also receive a text message to rate my customer service. If you have a second, its super helpful, okay? Okay. Thanks. Thank you.","DEFINITION: Did the agent ask multiple discovery questions to understand the  customer's needs? Examples of discovery questions: - How many boxes do you have? - What's your zip code? - Is this for business or residence? - When do you need service? - Do you have any electronics to destroy? SCORING OUTPUT FORMAT: { Discovery_float: 0.0,      # Agent asked X questions (0=none, 1.0=15+) No_discovery_float: 0.0,         # Agent didn't ask questions Unknown_float: 0.0            # Unclear if questions were asked } SCORING RULES: discovery_float (agent DID ask questions): - 0.0-0.2: Asked 0-2 questions (minimal) - 0.3-0.5: Asked 3-5 questions (some) - 0.6-0.8: Asked 6-10 questions (good) - 0.9-1.0: Asked 10+ questions (excellent) Not_discovery_float (agent did NOT ask questions): - 0.0-0.2: Asked plenty of questions (not dismissive) - 0.3-0.5: Asked some questions but could have asked more - 0.6-0.8: Asked very few questions - 0.9-1.0: Asked NO questions at all Unknown_float (unclear how many questions): - 0.0-0.2: Transcript clearly shows question count - 0.3-0.5: Some questions visible but transcript incomplete - 0.6+: Cannot determine from transcript EXAMPLE: Transcript: How many boxes? What zip? Business or residence? When needed? → Discovery_float: 0.9 (asked 4 clear questions) → No_discovery_float: 0.05 (agent was asking, not avoiding) → Unknown_float: 0.05 (very clear) → Sum: 1.0 ✓",disco,191,Discovery_float;No_discovery_float;Unknown_float
"Thank you for calling Shred Nation. This is Kylie. Kylie or Kylie or Kylie. This is Deb Carwell, and I think I just talked to you just a few minutes ago. Anyway, is there a site here that I can, an on-site place that I can take my things to have shredded? We just have drop-off locations. I dont believe we have, I mean, the other option besides drop-off is a mobile truck. Okay, and youre in Camden, Arkansas, is that right? No, Im not. Whats your zip code, and Ill see what there is available for you. Okay, 72401. All right, and this is at your house? Uh-huh. Okay, so we do offer the truck service that comes to you. Do you want me to verify your info so they can call you back with pricing? Yes, thatd be great. Okay, can you please spell your first and last name? Uh-huh, its Deb, Debbie, D-E-B-B-I-E, Carwell, C-A-R-W-E-L-L. Okay, is this the best phone number? Yes. Do you have an email? Yes, CarwellD, as in Debbie, at Yahoo.com. Okay. How many boxes did you want to get a quote for for the truck service? Well, I guess there would be three. At your house, correct? Yes. Okay, perfect. So what Im going to do is Im going to send you over an email with the shredders information. Youll receive a text message to rate my customer service. If you could do that for me, thats greatly appreciated, and then Ill just send this information over to the shredder, and theyll call you back with the quote, okay? Okay. Now, wait. Youre going to send me an email to, what do I need to do? Send it again, Im sorry. Yeah, its just an email. That way you have the shredders direct contact information, so if you do need to reach out to them for any reason, you can. And then the text message is for you to rate my customer service, if you could, please. Okay. All right. Thank you so much. All right. Thank you. Have a great day. You too. Bye-bye. Uh-huh. Bye.","DEFINITION: Did the agent ask multiple discovery questions to understand the  customer's needs? Examples of discovery questions: - How many boxes do you have? - What's your zip code? - Is this for business or residence? - When do you need service? - Do you have any electronics to destroy? SCORING OUTPUT FORMAT: { Discovery_float: 0.0,      # Agent asked X questions (0=none, 1.0=15+) No_discovery_float: 0.0,         # Agent didn't ask questions Unknown_float: 0.0            # Unclear if questions were asked } SCORING RULES: discovery_float (agent DID ask questions): - 0.0-0.2: Asked 0-2 questions (minimal) - 0.3-0.5: Asked 3-5 questions (some) - 0.6-0.8: Asked 6-10 questions (good) - 0.9-1.0: Asked 10+ questions (excellent) Not_discovery_float (agent did NOT ask questions): - 0.0-0.2: Asked plenty of questions (not dismissive) - 0.3-0.5: Asked some questions but could have asked more - 0.6-0.8: Asked very few questions - 0.9-1.0: Asked NO questions at all Unknown_float (unclear how many questions): - 0.0-0.2: Transcript clearly shows question count - 0.3-0.5: Some questions visible but transcript incomplete - 0.6+: Cannot determine from transcript EXAMPLE: Transcript: How many boxes? What zip? Business or residence? When needed? → Discovery_float: 0.9 (asked 4 clear questions) → No_discovery_float: 0.05 (agent was asking, not avoiding) → Unknown_float: 0.05 (very clear) → Sum: 1.0 ✓",disco,192,Discovery_float;No_discovery_float;Unknown_float
"Thank you for calling Shred Nations. This is Kylie. How can I help you? Kylie, I want to get some information about some shredding. Okay. How many boxes of documents do you have to shred? About 50 boxes. 25 are regular size banker boxes and about 25 are legal size. Okay. Whats your zip code? 10956. Is this at a business or a residence, storage? Its a business. Okay. I do have a truck that routes the area. So if you would like, I can verify your info and then I can have them call you back. However, it does look like I did speak with you already. So we did get you in touch with the same shredder. Do you have their phone number? I do not. Okay. I can give it to you. Just let me know whenever youre ready. Hold on. Okay. Go ahead. Okay. Its 800. Hold on. Wait. Wait. Im going to 800. Wait. Wait. Yes. Go ahead. Its 800-309-0250. Okay. Okay. So thats who youll call. 800-309. And whats the rest of it? 0-2-5-0. 2-5-0. I should call them? Yes. Just call them. Theyll be able to discuss pricing and available dates with you. Okay. And who am I calling? They are called... Wait. Where did it go? I believe it was InfoShred. And where are they located? It doesnt give me their location. It just gives me their number. InfoShred. Is there any person I speak to there? I think thats what it is. I lost the page now, so Im not seeing it. But when you call them, just let them know who you are, and theyll be able to help you out. Okay? Okay. Very good. Thank you. Thank you very much. All right. Youre welcome. Thank you.","DEFINITION: Did the agent ask multiple discovery questions to understand the  customer's needs? Examples of discovery questions: - How many boxes do you have? - What's your zip code? - Is this for business or residence? - When do you need service? - Do you have any electronics to destroy? SCORING OUTPUT FORMAT: { Discovery_float: 0.0,      # Agent asked X questions (0=none, 1.0=15+) No_discovery_float: 0.0,         # Agent didn't ask questions Unknown_float: 0.0            # Unclear if questions were asked } SCORING RULES: discovery_float (agent DID ask questions): - 0.0-0.2: Asked 0-2 questions (minimal) - 0.3-0.5: Asked 3-5 questions (some) - 0.6-0.8: Asked 6-10 questions (good) - 0.9-1.0: Asked 10+ questions (excellent) Not_discovery_float (agent did NOT ask questions): - 0.0-0.2: Asked plenty of questions (not dismissive) - 0.3-0.5: Asked some questions but could have asked more - 0.6-0.8: Asked very few questions - 0.9-1.0: Asked NO questions at all Unknown_float (unclear how many questions): - 0.0-0.2: Transcript clearly shows question count - 0.3-0.5: Some questions visible but transcript incomplete - 0.6+: Cannot determine from transcript EXAMPLE: Transcript: How many boxes? What zip? Business or residence? When needed? → Discovery_float: 0.9 (asked 4 clear questions) → No_discovery_float: 0.05 (agent was asking, not avoiding) → Unknown_float: 0.05 (very clear) → Sum: 1.0 ✓",disco,193,Discovery_float;No_discovery_float;Unknown_float
"Thank you for calling Shred Nations. This is Ashley. How can I help you? Hi, Ashley. Im on the website, and your name came up. Youre located Cumberland? So Im at our corporate office here, but I can get you some information in that area. What is your postal code? No, thats fine. Thats what Im calling for, just some general information. Okay. Okay, Ive got tons of paper here Ive been going through myself and self-shredding it, and Im going to be here for months. So Ive got to find somewhere I can shred it. But I want a service where I can observe it being shredded. Sure. So the only on-site shredding that were going to option is a service where a truck comes to you to shred on-site. What is your postal code? M4K1A3. All right. And is this at a residence or a business? Its a residence. All righty. Okay. Lets see here. And roughly how many file boxes, file drawers, trash bags worth of shredding do you estimate you have? Im just getting an education here. So do you – Im on your website. I think Im on your website. Do you have something I can look at that tells me the sizes that you use? So were referring to small copy paper boxes, like a 10-by-12-by-15-inch copy paper box, roughly how many of those, or if youre using trash bags, you can tell me that. Oh, well, I just got off the phone with someone, and they said that they use 95-gallon bins as their most economical way of doing on-site shredding. The trucks will have bins with them, but thats pretty hard to estimate that way, so thats why well just take the estimate of what you actually have. Okay. So probably, I dont know, if I – you know, a tote bag, a tote bin, you know, like a Rubbermaid tote bin, maybe a couple of those. Okay. All right. So what Ill do here, I do know that its showing that my shredder in the area has a pretty high minimum before theyll come to you, but let me gather some information. I can get your – Whats the minimum? Well, Im going to have to check in with some of my other partners in the area, but the one partner I have is showing at least 40 file boxes worth of shredding. So quite high. But let me gather a little info from you, and then I can get this over to my sales department. I just need some information before I proceed beyond that. Okay. Yeah, unfortunately, I dont have any other info out of this office. Im at our corporate office. Im happy to gather some information and reach out to some of my shredders to see what options we do have, but I would have to contact – or I would have to gather your contact information. Because what do you do, subcontract it out? We work with a network of partners. Okay. No, I dont think Im interested in that. Okay. Im interested in something a little bit more secure than that. Okay. Thank you so much. All right. Have a good day. Thank you.","DEFINITION: Did the agent ask multiple discovery questions to understand the  customer's needs? Examples of discovery questions: - How many boxes do you have? - What's your zip code? - Is this for business or residence? - When do you need service? - Do you have any electronics to destroy? SCORING OUTPUT FORMAT: { Discovery_float: 0.0,      # Agent asked X questions (0=none, 1.0=15+) No_discovery_float: 0.0,         # Agent didn't ask questions Unknown_float: 0.0            # Unclear if questions were asked } SCORING RULES: discovery_float (agent DID ask questions): - 0.0-0.2: Asked 0-2 questions (minimal) - 0.3-0.5: Asked 3-5 questions (some) - 0.6-0.8: Asked 6-10 questions (good) - 0.9-1.0: Asked 10+ questions (excellent) Not_discovery_float (agent did NOT ask questions): - 0.0-0.2: Asked plenty of questions (not dismissive) - 0.3-0.5: Asked some questions but could have asked more - 0.6-0.8: Asked very few questions - 0.9-1.0: Asked NO questions at all Unknown_float (unclear how many questions): - 0.0-0.2: Transcript clearly shows question count - 0.3-0.5: Some questions visible but transcript incomplete - 0.6+: Cannot determine from transcript EXAMPLE: Transcript: How many boxes? What zip? Business or residence? When needed? → Discovery_float: 0.9 (asked 4 clear questions) → No_discovery_float: 0.05 (agent was asking, not avoiding) → Unknown_float: 0.05 (very clear) → Sum: 1.0 ✓",disco,194,Discovery_float;No_discovery_float;Unknown_float
"Thank you for calling Shred Nations. This is Martin. How can I help? Hey, Im near Monument, Colorado. I was looking for a place where I could drop off a small box of items to be shred, but Id kind of like to watch it. Is that possible? The only option that we have for you to witness your shred be done would be with a truck service that goes to you and shred on site. I dont have a drop-off location that would be able to do that, unfortunately. Okay. All right. Thank you.","DEFINITION: Did the agent ask multiple discovery questions to understand the  customer's needs? Examples of discovery questions: - How many boxes do you have? - What's your zip code? - Is this for business or residence? - When do you need service? - Do you have any electronics to destroy? SCORING OUTPUT FORMAT: { Discovery_float: 0.0,      # Agent asked X questions (0=none, 1.0=15+) No_discovery_float: 0.0,         # Agent didn't ask questions Unknown_float: 0.0            # Unclear if questions were asked } SCORING RULES: discovery_float (agent DID ask questions): - 0.0-0.2: Asked 0-2 questions (minimal) - 0.3-0.5: Asked 3-5 questions (some) - 0.6-0.8: Asked 6-10 questions (good) - 0.9-1.0: Asked 10+ questions (excellent) Not_discovery_float (agent did NOT ask questions): - 0.0-0.2: Asked plenty of questions (not dismissive) - 0.3-0.5: Asked some questions but could have asked more - 0.6-0.8: Asked very few questions - 0.9-1.0: Asked NO questions at all Unknown_float (unclear how many questions): - 0.0-0.2: Transcript clearly shows question count - 0.3-0.5: Some questions visible but transcript incomplete - 0.6+: Cannot determine from transcript EXAMPLE: Transcript: How many boxes? What zip? Business or residence? When needed? → Discovery_float: 0.9 (asked 4 clear questions) → No_discovery_float: 0.05 (agent was asking, not avoiding) → Unknown_float: 0.05 (very clear) → Sum: 1.0 ✓",disco,195,Discovery_float;No_discovery_float;Unknown_float
"Hi, this is Katerina at Shred Nations. Can I help you? Hi, good morning. Im trying to get a quote. We have about 10 95-gallon beans of paper and candles. Yeah, let me see what I have available. Are these at a residence or a business? Its a business, and this is a one-time job, okay? Okay, yeah, I can definitely help you. Let me just get an idea here. Give me one second. Sorry, just one second. Thats fine. What is your zip code, please? 33186. 33186, okay. So with the calculating system, that estimates like 100 bankers boxes. Does that sound about right with what you have? Yeah. Or is your definite that its the 10? 10 95-gallon bins? What Im looking for, because I know you work by beans. Yeah. So what about if its 10 beans or maybe 12? Okay. Im looking for the price for the bean. Okay, all right, I understand. Could you, whats the name of the business, please? Greco Investment. Is it just G-R-E-C-O? Yes, Investment, Inc. Okay, Investment, Inc. And then whats your first and last name, please? Ernesto Greco. And then do you have a good email address? Its E-G-R-E-C-O-H-T-E-R-G-H-O-T-E-L-S. So ERG like Edward Richard Girl Hotels. Okay, thank you. All right, so I do have one trucking company. That routes your area. Just to confirm, you dont have any wet paper, right? Its all dry paper? Yes. Okay, great. So Im going to send this information over to our provider in your area, and Ill have them reach out to you directly to give you a quote for those 10 95-gallon bins that you have, okay? Thank you. Youre welcome. Have a good day. Thank you.","DEFINITION: Did the agent ask multiple discovery questions to understand the  customer's needs? Examples of discovery questions: - How many boxes do you have? - What's your zip code? - Is this for business or residence? - When do you need service? - Do you have any electronics to destroy? SCORING OUTPUT FORMAT: { Discovery_float: 0.0,      # Agent asked X questions (0=none, 1.0=15+) No_discovery_float: 0.0,         # Agent didn't ask questions Unknown_float: 0.0            # Unclear if questions were asked } SCORING RULES: discovery_float (agent DID ask questions): - 0.0-0.2: Asked 0-2 questions (minimal) - 0.3-0.5: Asked 3-5 questions (some) - 0.6-0.8: Asked 6-10 questions (good) - 0.9-1.0: Asked 10+ questions (excellent) Not_discovery_float (agent did NOT ask questions): - 0.0-0.2: Asked plenty of questions (not dismissive) - 0.3-0.5: Asked some questions but could have asked more - 0.6-0.8: Asked very few questions - 0.9-1.0: Asked NO questions at all Unknown_float (unclear how many questions): - 0.0-0.2: Transcript clearly shows question count - 0.3-0.5: Some questions visible but transcript incomplete - 0.6+: Cannot determine from transcript EXAMPLE: Transcript: How many boxes? What zip? Business or residence? When needed? → Discovery_float: 0.9 (asked 4 clear questions) → No_discovery_float: 0.05 (agent was asking, not avoiding) → Unknown_float: 0.05 (very clear) → Sum: 1.0 ✓",disco,196,Discovery_float;No_discovery_float;Unknown_float